0 0.133544921875 0.6002604166666666 0.26708984375 0.35807291666666663
0 0.397216796875 0.7158203125 0.30517578125 0.22591145833333331
0 0.380615234375 0.6526692708333333 0.11376953125 0.19986979166666666
0 0.65869140625 0.6158854166666666 0.115234375 0.17838541666666666
0 0.86279296875 0.6546223958333333 0.2109375 0.23372395833333331
0 0.960205078125 0.2939453125 0.07861328125 0.146484375
0 0.779296875 0.2903645833333333 0.236328125 0.19140625
0 0.737060546875 0.4710286458333333 0.20849609375 0.18684895833333331
0 0.643310546875 0.5009765625 0.17431640625 0.123046875
0 0.66162109375 0.4798177083333333 0.1220703125 0.15625
