0 0.102783203125 0.28125 0.09130859375 0.11458333333333333
0 0.15380859375 0.23046875 0.048828125 0.1328125
0 0.10009765625 0.4560546875 0.08984375 0.10481770833333333
0 0.1552734375 0.4404296875 0.10546875 0.07747395833333333
0 0.21728515625 0.4114583333333333 0.091796875 0.10807291666666666
0 0.44921875 0.5149739583333333 0.0947265625 0.1640625
0 0.559326171875 0.42447916666666663 0.05224609375 0.09244791666666666
0 0.619873046875 0.4482421875 0.05517578125 0.12955729166666666
0 0.626220703125 0.47265625 0.09619140625 0.11458333333333333
0 0.8740234375 0.5498046875 0.18359375 0.18294270833333331
0 0.931396484375 0.5436197916666666 0.13623046875 0.17317708333333331
