0 0.86181640625 0.53125 0.08984375 0.23567708333333331
0 0.958984375 0.2561848958333333 0.0810546875 0.17122395833333331
0 0.665283203125 0.5361328125 0.04931640625 0.15299479166666666
0 0.626708984375 0.5029296875 0.04150390625 0.154296875
0 0.435302734375 0.5589192708333333 0.10009765625 0.220703125
0 0.35693359375 0.5696614583333333 0.1337890625 0.17057291666666666
0 0.306884765625 0.5081380208333333 0.10302734375 0.12044270833333333
0 0.401123046875 0.48990885416666663 0.13037109375 0.10481770833333333
0 0.325927734375 0.2353515625 0.06982421875 0.21940104166666666
0 0.52392578125 0.2861328125 0.056640625 0.22721354166666666
