0 0.1962890625 0.22037760416666666 0.1083984375 0.12044270833333333
0 0.134521484375 0.46354166666666663 0.10009765625 0.10026041666666666
0 0.310791015625 0.5110677083333333 0.18505859375 0.19010416666666666
0 0.348388671875 0.46484375 0.09130859375 0.10807291666666666
0 0.26953125 0.3186848958333333 0.08984375 0.12565104166666666
0 0.32275390625 0.22623697916666666 0.119140625 0.138671875
0 0.49609375 0.34765625 0.109375 0.1015625
0 0.446533203125 0.46158854166666663 0.06396484375 0.109375
0 0.639892578125 0.46256510416666663 0.06298828125 0.115234375
0 0.60400390625 0.2431640625 0.134765625 0.115234375
