0 0.263671875 0.18229166666666666 0.1943359375 0.21614583333333331
0 0.028564453125 0.28190104166666663 0.05712890625 0.20833333333333331
0 0.060791015625 0.6383463541666666 0.12158203125 0.353515625
0 0.3017578125 0.44986979166666663 0.169921875 0.18489583333333331
0 0.4208984375 0.4560546875 0.08203125 0.14518229166666666
0 0.48388671875 0.4358723958333333 0.09765625 0.19856770833333331
0 0.557861328125 0.4729817708333333 0.11376953125 0.15559895833333331
0 0.610595703125 0.4534505208333333 0.07861328125 0.10221354166666666
0 0.628662109375 0.45279947916666663 0.07861328125 0.10091145833333333
0 0.897216796875 0.5133463541666666 0.20458984375 0.16471354166666666
0 0.96484375 0.609375 0.0693359375 0.1328125
0 0.8447265625 0.529296875 0.13671875 0.12890625
