0 0.079345703125 0.3196614583333333 0.12353515625 0.13802083333333331
0 0.185302734375 0.27115885416666663 0.04541015625 0.06705729166666666
0 0.215576171875 0.3421223958333333 0.04345703125 0.10221354166666666
0 0.24560546875 0.4833984375 0.140625 0.10481770833333333
0 0.372314453125 0.5257161458333333 0.04638671875 0.17122395833333331
0 0.471923828125 0.4736328125 0.14013671875 0.16731770833333331
0 0.530517578125 0.4267578125 0.05126953125 0.14518229166666666
0 0.58935546875 0.5465494791666666 0.091796875 0.12174479166666666
0 0.6103515625 0.5094401041666666 0.1474609375 0.126953125
0 0.973876953125 0.4866536458333333 0.05126953125 0.146484375
