0 0.150634765625 0.6982421875 0.30126953125 0.44205729166666663
0 0.455078125 0.845703125 0.3046875 0.29557291666666663
0 0.739990234375 0.7415364583333333 0.47021484375 0.4505208333333333
0 0.781494140625 0.90234375 0.20458984375 0.14713541666666666
0 0.9326171875 0.48502604166666663 0.1337890625 0.43359375
0 0.317626953125 0.36328125 0.28076171875 0.22135416666666666
0 0.08837890625 0.615234375 0.0927734375 0.18359375
0 0.203369140625 0.5387369791666666 0.19873046875 0.154296875
0 0.34423828125 0.529296875 0.1181640625 0.20703125
0 0.451416015625 0.6490885416666666 0.11474609375 0.16796875
0 0.537109375 0.6057942708333333 0.1455078125 0.14388020833333331
