0 0.92431640625 0.736328125 0.150390625 0.20442708333333331
0 0.698486328125 0.576171875 0.11865234375 0.125
0 0.69140625 0.759765625 0.4052734375 0.27734375
0 0.460205078125 0.5611979166666666 0.23486328125 0.23567708333333331
0 0.47216796875 0.7268880208333333 0.244140625 0.173828125
0 0.2578125 0.4521484375 0.1826171875 0.166015625
0 0.122314453125 0.6396484375 0.13818359375 0.19205729166666666
0 0.2255859375 0.7672526041666666 0.1181640625 0.4641927083333333
0 0.034423828125 0.6311848958333333 0.06884765625 0.2571614583333333
0 0.078857421875 0.37272135416666663 0.15771484375 0.30924479166666663
