0 0.342041015625 0.3040364583333333 0.27880859375 0.4700520833333333
0 0.282470703125 0.6158854166666666 0.14404296875 0.16145833333333331
0 0.458984375 0.6194661458333333 0.109375 0.158203125
0 0.559814453125 0.6461588541666666 0.20068359375 0.20377604166666666
0 0.63232421875 0.4765625 0.134765625 0.2109375
0 0.689697265625 0.6272786458333333 0.13134765625 0.22721354166666666
0 0.89794921875 0.6487630208333333 0.203125 0.16471354166666666
0 0.90087890625 0.5234375 0.1142578125 0.13671875
0 0.950439453125 0.5003255208333333 0.09814453125 0.193359375
0 0.7158203125 0.44010416666666663 0.083984375 0.18359375
0 0.440185546875 0.47721354166666663 0.13330078125 0.12630208333333331
