0 0.2216796875 0.384765625 0.115234375 0.17447916666666666
0 0.301025390625 0.58203125 0.27392578125 0.28125
0 0.23388671875 0.6930338541666666 0.1064453125 0.12955729166666666
0 0.413818359375 0.39420572916666663 0.07080078125 0.18294270833333331
0 0.513916015625 0.4892578125 0.08740234375 0.46940104166666663
0 0.53662109375 0.5055338541666666 0.0537109375 0.12565104166666666
0 0.659912109375 0.6217447916666666 0.09814453125 0.19401041666666666
0 0.645263671875 0.7223307291666666 0.22802734375 0.16471354166666666
0 0.8896484375 0.2923177083333333 0.2197265625 0.15755208333333331
0 0.881103515625 0.45475260416666663 0.15869140625 0.17513020833333331
0 0.845703125 0.6516927083333333 0.0556640625 0.15104166666666666
0 0.9267578125 0.7278645833333333 0.0732421875 0.22265625
