0 0.232666015625 0.6090494791666666 0.23779296875 0.19596354166666666
0 0.37646484375 0.5003255208333333 0.255859375 0.23763020833333331
0 0.38427734375 0.30240885416666663 0.0830078125 0.16080729166666666
0 0.48193359375 0.3880208333333333 0.03515625 0.09635416666666666
0 0.67333984375 0.40006510416666663 0.0400390625 0.068359375
0 0.5458984375 0.5104166666666666 0.2109375 0.19010416666666666
0 0.376953125 0.6774088541666666 0.2685546875 0.181640625
0 0.560791015625 0.6604817708333333 0.18505859375 0.119140625
0 0.716552734375 0.6048177083333333 0.06982421875 0.13932291666666666
0 0.870361328125 0.7233072916666666 0.25830078125 0.26171875
0 0.899169921875 0.5751953125 0.10302734375 0.205078125
