0 0.052978515625 0.4189453125 0.10595703125 0.13346354166666666
0 0.036376953125 0.484375 0.07275390625 0.171875
0 0.046142578125 0.6656901041666666 0.09228515625 0.232421875
0 0.162109375 0.5139973958333333 0.1123046875 0.10481770833333333
0 0.173583984375 0.6598307291666666 0.12451171875 0.251953125
0 0.33447265625 0.734375 0.2607421875 0.3255208333333333
0 0.5654296875 0.6318359375 0.42578125 0.263671875
0 0.234619140625 0.45572916666666663 0.10595703125 0.22786458333333331
0 0.348876953125 0.3821614583333333 0.26220703125 0.30729166666666663
0 0.481201171875 0.5237630208333333 0.29052734375 0.17513020833333331
