0 0.29052734375 0.4837239583333333 0.3154296875 0.28776041666666663
0 0.263671875 0.5895182291666666 0.1484375 0.10872395833333333
0 0.498291015625 0.46744791666666663 0.18017578125 0.31510416666666663
0 0.64208984375 0.6097005208333333 0.23046875 0.2532552083333333
0 0.7158203125 0.6536458333333333 0.0625 0.16145833333333331
0 0.803466796875 0.5696614583333333 0.08056640625 0.28385416666666663
0 0.937255859375 0.4466145833333333 0.12451171875 0.1640625
0 0.64990234375 0.21875 0.0927734375 0.07552083333333333
0 0.6416015625 0.40690104166666663 0.0478515625 0.07942708333333333
0 0.69287109375 0.43717447916666663 0.078125 0.13216145833333331
0 0.469970703125 0.45572916666666663 0.11279296875 0.13802083333333331
0 0.6025390625 0.4876302083333333 0.056640625 0.07552083333333333
