0 0.240478515625 0.4091796875 0.02685546875 0.11653645833333333
0 0.325927734375 0.3876953125 0.01611328125 0.10481770833333333
0 0.370849609375 0.4016927083333333 0.04638671875 0.07161458333333333
0 0.326904296875 0.4788411458333333 0.03076171875 0.068359375
0 0.40625 0.4895833333333333 0.0576171875 0.08203125
0 0.55078125 0.5198567708333333 0.416015625 0.3079427083333333
0 0.5 0.7223307291666666 0.0703125 0.14127604166666666
0 0.421142578125 0.6725260416666666 0.16748046875 0.09895833333333333
0 0.426513671875 0.37109375 0.07080078125 0.09635416666666666
0 0.5546875 0.3616536458333333 0.09765625 0.08658854166666666
0 0.63525390625 0.28776041666666663 0.09375 0.0703125
