0 0.138916015625 0.3232421875 0.26025390625 0.24674479166666666
0 0.081787109375 0.4404296875 0.13427734375 0.111328125
0 0.08984375 0.6090494791666666 0.1796875 0.27408854166666663
0 0.15380859375 0.7067057291666666 0.1435546875 0.205078125
0 0.439697265625 0.6770833333333333 0.31787109375 0.20703125
0 0.49853515625 0.48990885416666663 0.21484375 0.12565104166666666
0 0.40966796875 0.3538411458333333 0.2568359375 0.158203125
0 0.306884765625 0.5634765625 0.12353515625 0.15559895833333331
0 0.5625 0.6552734375 0.1953125 0.19856770833333331
0 0.72021484375 0.568359375 0.0439453125 0.1171875
0 0.89208984375 0.4130859375 0.21484375 0.17903645833333331
