0 0.28369140625 0.6930338541666666 0.267578125 0.318359375
0 0.449462890625 0.48795572916666663 0.19775390625 0.17122395833333331
0 0.48779296875 0.7008463541666666 0.26953125 0.3470052083333333
0 0.583740234375 0.6298828125 0.11962890625 0.12955729166666666
0 0.679931640625 0.7041015625 0.15771484375 0.19986979166666666
0 0.565673828125 0.4114583333333333 0.11376953125 0.17317708333333331
0 0.680419921875 0.4749348958333333 0.07958984375 0.13216145833333331
0 0.70458984375 0.3743489583333333 0.0400390625 0.13411458333333331
0 0.736572265625 0.5784505208333333 0.12451171875 0.13997395833333331
0 0.907470703125 0.6858723958333333 0.18408203125 0.3118489583333333
