0 0.5537109375 0.5009765625 0.1845703125 0.17513020833333331
0 0.480224609375 0.28483072916666663 0.06884765625 0.138671875
0 0.407470703125 0.279296875 0.03173828125 0.10416666666666666
0 0.349365234375 0.23307291666666666 0.06689453125 0.13541666666666666
0 0.0322265625 0.4983723958333333 0.060546875 0.14908854166666666
0 0.242431640625 0.5003255208333333 0.12841796875 0.18684895833333331
0 0.327880859375 0.4778645833333333 0.10400390625 0.14192708333333331
0 0.3916015625 0.5286458333333333 0.0380859375 0.1171875
0 0.487548828125 0.44303385416666663 0.14892578125 0.091796875
0 0.416748046875 0.37369791666666663 0.03955078125 0.07421875
0 0.34912109375 0.35807291666666663 0.0947265625 0.11458333333333333
0 0.412109375 0.46549479166666663 0.064453125 0.11328125
