0 0.3056640625 0.265625 0.09375 0.12239583333333333
0 0.59326171875 0.47819010416666663 0.138671875 0.15169270833333331
0 0.513916015625 0.5234375 0.11181640625 0.10546875
0 0.409912109375 0.3391927083333333 0.11474609375 0.08463541666666666
0 0.479736328125 0.4072265625 0.12451171875 0.07877604166666666
0 0.4736328125 0.47819010416666663 0.0693359375 0.060546875
0 0.32177734375 0.3850911458333333 0.0693359375 0.11653645833333333
0 0.26513671875 0.38932291666666663 0.0478515625 0.1015625
0 0.093505859375 0.44303385416666663 0.18505859375 0.18815104166666666
0 0.16357421875 0.55078125 0.0888671875 0.18229166666666666
0 0.23486328125 0.5380859375 0.08203125 0.17903645833333331
0 0.36181640625 0.48828125 0.123046875 0.11197916666666666
