0 0.26025390625 0.3040364583333333 0.2060546875 0.15364583333333331
0 0.361328125 0.3837890625 0.0654296875 0.10481770833333333
0 0.451171875 0.5139973958333333 0.1123046875 0.15950520833333331
0 0.491943359375 0.4892578125 0.06396484375 0.11263020833333333
0 0.42138671875 0.4150390625 0.1015625 0.080078125
0 0.293212890625 0.44401041666666663 0.06005859375 0.13541666666666666
0 0.215087890625 0.5608723958333333 0.16845703125 0.17643229166666666
0 0.1162109375 0.4091796875 0.1826171875 0.19205729166666666
0 0.052490234375 0.5748697916666666 0.10498046875 0.19921875
0 0.37548828125 0.5234375 0.0546875 0.16796875
