0 0.12744140625 0.08984375 0.126953125 0.17838541666666666
0 0.29150390625 0.16959635416666666 0.2392578125 0.279296875
0 0.380615234375 0.29166666666666663 0.05224609375 0.10807291666666666
0 0.042724609375 0.30143229166666663 0.08349609375 0.23828125
0 0.444580078125 0.404296875 0.14794921875 0.14192708333333331
0 0.205078125 0.39420572916666663 0.3388671875 0.19986979166666666
0 0.43310546875 0.44889322916666663 0.119140625 0.12825520833333331
0 0.359375 0.5947265625 0.2333984375 0.224609375
0 0.137451171875 0.5924479166666666 0.23779296875 0.34244791666666663
0 0.308837890625 0.5813802083333333 0.13232421875 0.21223958333333331
0 0.088134765625 0.427734375 0.08251953125 0.109375
