0 0.48828125 0.5042317708333333 0.078125 0.138671875
0 0.259765625 0.2705078125 0.02734375 0.052734375
0 0.307861328125 0.302734375 0.05712890625 0.07161458333333333
0 0.3486328125 0.3291015625 0.1015625 0.107421875
0 0.057861328125 0.36100260416666663 0.11474609375 0.154296875
0 0.366943359375 0.5074869791666666 0.06201171875 0.18684895833333331
0 0.328857421875 0.4208984375 0.13232421875 0.150390625
0 0.25732421875 0.4934895833333333 0.0859375 0.12890625
0 0.178955078125 0.49479166666666663 0.15283203125 0.21223958333333331
0 0.086669921875 0.49869791666666663 0.09228515625 0.16666666666666666
0 0.144775390625 0.5436197916666666 0.10302734375 0.1953125
0 0.031982421875 0.5875651041666666 0.02294921875 0.107421875
0 0.0126953125 0.6129557291666666 0.025390625 0.08919270833333333
