0 0.25927734375 0.2802734375 0.1884765625 0.17903645833333331
0 0.05322265625 0.24967447916666666 0.08984375 0.169921875
0 0.353271484375 0.357421875 0.14013671875 0.15234375
0 0.220703125 0.38346354166666663 0.1435546875 0.09505208333333333
0 0.03271484375 0.39811197916666663 0.0654296875 0.138671875
0 0.170166015625 0.5257161458333333 0.30126953125 0.24153645833333331
0 0.0791015625 0.6145833333333333 0.1416015625 0.09635416666666666
0 0.401123046875 0.5045572916666666 0.16845703125 0.109375
0 0.40576171875 0.5439453125 0.076171875 0.18815104166666666
0 0.324462890625 0.4475911458333333 0.09033203125 0.080078125
