0 0.218017578125 0.236328125 0.16455078125 0.16145833333333331
0 0.533935546875 0.4514973958333333 0.09033203125 0.14518229166666666
0 0.087158203125 0.373046875 0.16162109375 0.15625
0 0.441162109375 0.4749348958333333 0.08251953125 0.11783854166666666
0 0.39306640625 0.41015625 0.052734375 0.12760416666666666
0 0.30859375 0.34537760416666663 0.09765625 0.08919270833333333
0 0.090087890625 0.5218098958333333 0.10986328125 0.14908854166666666
0 0.32958984375 0.5758463541666666 0.216796875 0.21940104166666666
0 0.26904296875 0.5283203125 0.1259765625 0.14388020833333331
0 0.19921875 0.533203125 0.1416015625 0.13151041666666666
0 0.311767578125 0.43815104166666663 0.13232421875 0.07942708333333333
