0 0.03125 0.2923177083333333 0.0625 0.18229166666666666
0 0.429443359375 0.38053385416666663 0.15673828125 0.18684895833333331
0 0.6640625 0.5208333333333333 0.0927734375 0.16145833333333331
0 0.56591796875 0.5257161458333333 0.1123046875 0.14908854166666666
0 0.46728515625 0.5885416666666666 0.140625 0.16666666666666666
0 0.41650390625 0.5162760416666666 0.0771484375 0.12239583333333333
0 0.33642578125 0.3880208333333333 0.0458984375 0.19661458333333331
0 0.109130859375 0.5576171875 0.21337890625 0.20768229166666666
0 0.1015625 0.4443359375 0.17578125 0.10611979166666666
0 0.234375 0.4514973958333333 0.09375 0.142578125
0 0.264892578125 0.5540364583333333 0.11181640625 0.15234375
0 0.340576171875 0.4856770833333333 0.14306640625 0.15885416666666666
