0 0.210205078125 0.2509765625 0.10009765625 0.16861979166666666
0 0.099365234375 0.4326171875 0.16845703125 0.15690104166666666
0 0.498046875 0.3427734375 0.146484375 0.111328125
0 0.37158203125 0.3076171875 0.1064453125 0.099609375
0 0.6728515625 0.45475260416666663 0.138671875 0.17513020833333331
0 0.47314453125 0.4270833333333333 0.0732421875 0.049479166666666664
0 0.550537109375 0.48697916666666663 0.10791015625 0.10807291666666666
0 0.466064453125 0.4934895833333333 0.08447265625 0.10807291666666666
0 0.3330078125 0.38541666666666663 0.166015625 0.12109375
0 0.31201171875 0.5055338541666666 0.0615234375 0.12565104166666666
0 0.21533203125 0.5276692708333333 0.0869140625 0.13216145833333331
0 0.378173828125 0.482421875 0.08837890625 0.08203125
