0 0.63720703125 0.5882161458333333 0.08984375 0.21158854166666666
0 0.12890625 0.3154296875 0.2431640625 0.3040364583333333
0 0.408935546875 0.6022135416666666 0.16162109375 0.23177083333333331
0 0.40673828125 0.3880208333333333 0.064453125 0.15885416666666666
0 0.3193359375 0.38444010416666663 0.0439453125 0.119140625
0 0.269775390625 0.41015625 0.06103515625 0.10286458333333333
0 0.229736328125 0.294921875 0.07470703125 0.13541666666666666
0 0.2001953125 0.470703125 0.1064453125 0.0859375
0 0.31103515625 0.5335286458333333 0.1171875 0.14908854166666666
0 0.34716796875 0.42057291666666663 0.0322265625 0.09114583333333333
