0 0.6962890625 0.49967447916666663 0.1220703125 0.17903645833333331
0 0.60986328125 0.5491536458333333 0.0732421875 0.177734375
0 0.488525390625 0.3671875 0.11181640625 0.1328125
0 0.210205078125 0.373046875 0.28173828125 0.20703125
0 0.20751953125 0.2490234375 0.0458984375 0.14908854166666666
0 0.3212890625 0.26725260416666663 0.068359375 0.169921875
0 0.392822265625 0.40006510416666663 0.05908203125 0.19075520833333331
0 0.352783203125 0.53515625 0.06982421875 0.22265625
0 0.06591796875 0.400390625 0.123046875 0.19401041666666666
0 0.041259765625 0.5914713541666666 0.08251953125 0.185546875
0 0.201171875 0.5426432291666666 0.2373046875 0.12565104166666666
