0 0.64111328125 0.4638671875 0.1279296875 0.21028645833333331
0 0.483642578125 0.23014322916666666 0.06298828125 0.146484375
0 0.3369140625 0.6962890625 0.2236328125 0.46940104166666663
0 0.109375 0.2522786458333333 0.1953125 0.20247395833333331
0 0.25244140625 0.3499348958333333 0.2666015625 0.185546875
0 0.36767578125 0.322265625 0.09765625 0.11979166666666666
0 0.4287109375 0.3587239583333333 0.0791015625 0.13541666666666666
0 0.512451171875 0.388671875 0.04150390625 0.140625
0 0.476806640625 0.5139973958333333 0.18798828125 0.150390625
0 0.40771484375 0.4524739583333333 0.12890625 0.09244791666666666
0 0.20263671875 0.5462239583333333 0.146484375 0.23046875
0 0.056640625 0.4055989583333333 0.0966796875 0.15625
0 0.13720703125 0.4788411458333333 0.0986328125 0.10221354166666666
