0 0.4541015625 0.31803385416666663 0.15234375 0.146484375
0 0.093505859375 0.24153645833333331 0.17822265625 0.2591145833333333
0 0.146484375 0.36328125 0.1982421875 0.13151041666666666
0 0.25634765625 0.353515625 0.025390625 0.09505208333333333
0 0.325927734375 0.3675130208333333 0.02880859375 0.107421875
0 0.501220703125 0.5052083333333333 0.13916015625 0.19791666666666666
0 0.412841796875 0.4417317708333333 0.11083984375 0.14127604166666666
0 0.3564453125 0.5094401041666666 0.0654296875 0.14127604166666666
0 0.39453125 0.5146484375 0.0517578125 0.11653645833333333
0 0.271484375 0.546875 0.11328125 0.23177083333333331
0 0.132568359375 0.5107421875 0.16259765625 0.173828125
0 0.257568359375 0.47265625 0.13232421875 0.13802083333333331
