0 0.5166015625 0.5084635416666666 0.1064453125 0.09895833333333333
0 0.48779296875 0.4876302083333333 0.14453125 0.12760416666666666
0 0.1396484375 0.3369140625 0.2421875 0.17643229166666666
0 0.059326171875 0.546875 0.10986328125 0.19661458333333331
0 0.193115234375 0.56640625 0.13330078125 0.23307291666666666
0 0.2939453125 0.31315104166666663 0.1025390625 0.09635416666666666
0 0.2880859375 0.23665364583333331 0.09375 0.08919270833333333
0 0.38232421875 0.5188802083333333 0.0517578125 0.15494791666666666
0 0.34375 0.4876302083333333 0.0458984375 0.13020833333333331
0 0.34521484375 0.39518229166666663 0.087890625 0.09765625
0 0.291748046875 0.439453125 0.05419921875 0.15625
