0 0.571044921875 0.2610677083333333 0.09521484375 0.17317708333333331
0 0.313720703125 0.13020833333333331 0.06494140625 0.18619791666666666
0 0.38427734375 0.20540364583333331 0.0908203125 0.12174479166666666
0 0.331298828125 0.21223958333333331 0.13525390625 0.125
0 0.492919921875 0.35546875 0.05810546875 0.14713541666666666
0 0.60009765625 0.5270182291666666 0.123046875 0.216796875
0 0.47705078125 0.51953125 0.1494140625 0.11848958333333333
0 0.16455078125 0.3147786458333333 0.0986328125 0.17513020833333331
0 0.33154296875 0.5888671875 0.169921875 0.15299479166666666
0 0.351806640625 0.5328776041666666 0.18994140625 0.14518229166666666
0 0.28466796875 0.3567708333333333 0.1552734375 0.13932291666666666
0 0.425048828125 0.4150390625 0.11865234375 0.123046875
0 0.18408203125 0.6145833333333333 0.17578125 0.20182291666666666
0 0.08740234375 0.5641276041666666 0.1494140625 0.18033854166666666
0 0.177978515625 0.4931640625 0.12939453125 0.10872395833333333
