0 0.89453125 0.4661458333333333 0.1220703125 0.14322916666666666
0 0.322265625 0.2942708333333333 0.10546875 0.11979166666666666
0 0.5546875 0.3636067708333333 0.1025390625 0.083984375
0 0.59326171875 0.4345703125 0.1103515625 0.072265625
0 0.4921875 0.32486979166666663 0.119140625 0.09635416666666666
0 0.42041015625 0.2513020833333333 0.05078125 0.05078125
0 0.429931640625 0.470703125 0.09814453125 0.09244791666666666
0 0.481201171875 0.4251302083333333 0.11279296875 0.09765625
0 0.396484375 0.4300130208333333 0.0595703125 0.060546875
0 0.3505859375 0.5201822916666666 0.048828125 0.061197916666666664
0 0.41162109375 0.5403645833333333 0.0576171875 0.05859375
0 0.27392578125 0.45703125 0.0302734375 0.09635416666666666
0 0.3251953125 0.4583333333333333 0.029296875 0.09244791666666666
0 0.30908203125 0.42252604166666663 0.11328125 0.09244791666666666
0 0.30712890625 0.5169270833333333 0.021484375 0.06901041666666666
0 0.4013671875 0.32389322916666663 0.052734375 0.12174479166666666
