0 0.45166015625 0.29166666666666663 0.0498046875 0.14453125
0 0.665283203125 0.4150390625 0.28369140625 0.2727864583333333
0 0.511474609375 0.5608723958333333 0.20849609375 0.224609375
0 0.4912109375 0.4124348958333333 0.06640625 0.11263020833333333
0 0.3935546875 0.3642578125 0.11328125 0.12434895833333333
0 0.21240234375 0.3857421875 0.275390625 0.216796875
0 0.28564453125 0.3173828125 0.0400390625 0.12565104166666666
0 0.390869140625 0.4993489583333333 0.03759765625 0.13671875
0 0.254638671875 0.5813802083333333 0.13427734375 0.16276041666666666
0 0.07666015625 0.5113932291666666 0.13671875 0.19986979166666666
