0 0.05224609375 0.42936197916666663 0.091796875 0.16861979166666666
0 0.02001953125 0.2060546875 0.0400390625 0.142578125
0 0.23291015625 0.35221354166666663 0.0927734375 0.15755208333333331
0 0.192138671875 0.5100911458333333 0.20263671875 0.18033854166666666
0 0.3212890625 0.4720052083333333 0.0625 0.17447916666666666
0 0.399658203125 0.48697916666666663 0.08056640625 0.13151041666666666
0 0.4931640625 0.5107421875 0.11328125 0.18424479166666666
0 0.5419921875 0.490234375 0.1044921875 0.09765625
0 0.457763671875 0.35546875 0.08837890625 0.15364583333333331
0 0.385498046875 0.35807291666666663 0.08837890625 0.13151041666666666
0 0.3193359375 0.36783854166666663 0.1171875 0.09895833333333333
