0 0.76220703125 0.5159505208333333 0.0546875 0.162109375
0 0.830322265625 0.5045572916666666 0.10205078125 0.15494791666666666
0 0.185302734375 0.3274739583333333 0.21728515625 0.15625
0 0.01904296875 0.4111328125 0.0361328125 0.111328125
0 0.093994140625 0.5266927083333333 0.18408203125 0.24348958333333331
0 0.581298828125 0.3235677083333333 0.13232421875 0.10807291666666666
0 0.4033203125 0.2958984375 0.1259765625 0.07877604166666666
0 0.34375 0.32096354166666663 0.10546875 0.0703125
0 0.581787109375 0.39127604166666663 0.15185546875 0.12369791666666666
0 0.425048828125 0.3841145833333333 0.15966796875 0.13541666666666666
0 0.280029296875 0.5179036458333333 0.14794921875 0.15559895833333331
0 0.3388671875 0.5305989583333333 0.15625 0.14713541666666666
0 0.447509765625 0.5559895833333333 0.08642578125 0.19921875
0 0.5869140625 0.5305989583333333 0.2001953125 0.16796875
0 0.675537109375 0.47721354166666663 0.08740234375 0.09505208333333333
0 0.670654296875 0.4280598958333333 0.04736328125 0.04622395833333333
0 0.298583984375 0.3880208333333333 0.08740234375 0.09635416666666666
