0 0.121337890625 0.36686197916666663 0.19775390625 0.15950520833333331
0 0.10302734375 0.5218098958333333 0.201171875 0.20247395833333331
0 0.2021484375 0.5081380208333333 0.125 0.154296875
0 0.318115234375 0.2776692708333333 0.05419921875 0.08658854166666666
0 0.31494140625 0.2451171875 0.1171875 0.060546875
0 0.27490234375 0.28971354166666663 0.052734375 0.1015625
0 0.36767578125 0.2786458333333333 0.1484375 0.078125
0 0.7021484375 0.41959635416666663 0.154296875 0.12174479166666666
0 0.7109375 0.49869791666666663 0.134765625 0.08463541666666666
0 0.45751953125 0.5638020833333333 0.181640625 0.13541666666666666
0 0.475830078125 0.37272135416666663 0.14501953125 0.11393229166666666
0 0.566162109375 0.40397135416666663 0.11279296875 0.083984375
0 0.62890625 0.5283203125 0.044921875 0.11653645833333333
0 0.578857421875 0.49609375 0.06689453125 0.10546875
0 0.364013671875 0.4602864583333333 0.06787109375 0.12630208333333331
0 0.282958984375 0.42838541666666663 0.07373046875 0.16276041666666666
0 0.346923828125 0.36002604166666663 0.11181640625 0.09375
0 0.296875 0.5511067708333333 0.01953125 0.068359375
0 0.45947265625 0.46158854166666663 0.12890625 0.06640625
