0 0.791259765625 0.4505208333333333 0.19287109375 0.15885416666666666
0 0.7529296875 0.51171875 0.0576171875 0.14453125
0 0.656494140625 0.5654296875 0.09130859375 0.12434895833333333
0 0.598388671875 0.5286458333333333 0.16650390625 0.18098958333333331
0 0.291259765625 0.3271484375 0.18212890625 0.169921875
0 0.39453125 0.37858072916666663 0.1298828125 0.12825520833333331
0 0.171630859375 0.4189453125 0.24658203125 0.158203125
0 0.08447265625 0.5354817708333333 0.15625 0.185546875
0 0.239990234375 0.5843098958333333 0.06396484375 0.193359375
0 0.340087890625 0.5432942708333333 0.16748046875 0.16341145833333331
0 0.4833984375 0.5133463541666666 0.1630859375 0.181640625
0 0.5224609375 0.419921875 0.1279296875 0.09114583333333333
