0 0.358642578125 0.3203125 0.16845703125 0.12109375
0 0.476318359375 0.4140625 0.07177734375 0.07942708333333333
0 0.433837890625 0.5537109375 0.12548828125 0.162109375
0 0.474853515625 0.5074869791666666 0.13330078125 0.142578125
0 0.011474609375 0.42578125 0.02197265625 0.1328125
0 0.15380859375 0.3694661458333333 0.205078125 0.150390625
0 0.032470703125 0.6142578125 0.06494140625 0.19596354166666666
0 0.148681640625 0.5807291666666666 0.18017578125 0.15625
0 0.28369140625 0.5517578125 0.1748046875 0.19075520833333331
0 0.305419921875 0.3968098958333333 0.05908203125 0.103515625
0 0.3984375 0.4326171875 0.140625 0.08268229166666666
