0 0.074951171875 0.3665364583333333 0.05517578125 0.265625
0 0.26611328125 0.33756510416666663 0.0810546875 0.14908854166666666
0 0.56005859375 0.5475260416666666 0.1337890625 0.1875
0 0.425048828125 0.4482421875 0.08447265625 0.095703125
0 0.4345703125 0.5628255208333333 0.1318359375 0.14778645833333331
0 0.48876953125 0.5022786458333333 0.037109375 0.11783854166666666
0 0.316162109375 0.38834635416666663 0.12744140625 0.158203125
0 0.11328125 0.455078125 0.142578125 0.18489583333333331
0 0.2470703125 0.5660807291666666 0.22265625 0.208984375
0 0.352783203125 0.4856770833333333 0.07666015625 0.06901041666666666
