0 0.55908203125 0.4964192708333333 0.134765625 0.20247395833333331
0 0.30712890625 0.2903645833333333 0.0986328125 0.11979166666666666
0 0.04296875 0.40201822916666663 0.0859375 0.181640625
0 0.159912109375 0.6087239583333333 0.16455078125 0.22265625
0 0.23828125 0.5084635416666666 0.142578125 0.15755208333333331
0 0.41064453125 0.5696614583333333 0.27734375 0.20963541666666666
0 0.47802734375 0.46875 0.125 0.10286458333333333
0 0.36376953125 0.509765625 0.1474609375 0.12630208333333331
0 0.350830078125 0.3837890625 0.14501953125 0.142578125
0 0.268798828125 0.3880208333333333 0.05712890625 0.078125
