0 0.50732421875 0.5589192708333333 0.22265625 0.20247395833333331
0 0.596435546875 0.4462890625 0.11962890625 0.115234375
0 0.6796875 0.49283854166666663 0.09765625 0.1328125
0 0.7119140625 0.341796875 0.1533203125 0.14192708333333331
0 0.77294921875 0.4388020833333333 0.0927734375 0.11067708333333333
0 0.929443359375 0.3538411458333333 0.13720703125 0.150390625
0 0.88134765625 0.474609375 0.1181640625 0.1015625
0 0.970458984375 0.505859375 0.05810546875 0.15364583333333331
0 0.89599609375 0.5813802083333333 0.2041015625 0.15755208333333331
0 0.943359375 0.6559244791666666 0.0810546875 0.111328125
