0 0.80810546875 0.39908854166666663 0.0732421875 0.09895833333333333
0 0.754150390625 0.4388020833333333 0.08935546875 0.125
0 0.693603515625 0.4388020833333333 0.08642578125 0.10286458333333333
0 0.572509765625 0.32779947916666663 0.08642578125 0.11653645833333333
0 0.47314453125 0.3108723958333333 0.1220703125 0.080078125
0 0.380126953125 0.24576822916666666 0.06201171875 0.11263020833333333
0 0.462158203125 0.2822265625 0.10595703125 0.080078125
0 0.624267578125 0.4847005208333333 0.10693359375 0.111328125
0 0.547119140625 0.4563802083333333 0.07861328125 0.125
0 0.451416015625 0.5309244791666666 0.12939453125 0.14908854166666666
0 0.434814453125 0.453125 0.08154296875 0.12630208333333331
0 0.440673828125 0.41666666666666663 0.10595703125 0.06380208333333333
0 0.22119140625 0.3450520833333333 0.193359375 0.13541666666666666
0 0.35791015625 0.4475911458333333 0.07421875 0.11002604166666666
0 0.197265625 0.5146484375 0.212890625 0.138671875
0 0.038330078125 0.5657552083333333 0.07666015625 0.2265625
0 0.11376953125 0.4163411458333333 0.0595703125 0.09049479166666666
0 0.341064453125 0.4261067708333333 0.07958984375 0.08528645833333333
