0 0.762939453125 0.5677083333333333 0.10888671875 0.21484375
0 0.612060546875 0.4661458333333333 0.10693359375 0.19791666666666666
0 0.51953125 0.7965494791666666 0.265625 0.4055989583333333
0 0.499267578125 0.6842447916666666 0.41162109375 0.25
0 0.427490234375 0.5520833333333333 0.13232421875 0.13932291666666666
0 0.506591796875 0.5445963541666666 0.18212890625 0.166015625
0 0.329345703125 0.3811848958333333 0.08642578125 0.14518229166666666
0 0.35791015625 0.4720052083333333 0.0576171875 0.14192708333333331
0 0.243408203125 0.3662109375 0.06884765625 0.087890625
0 0.13818359375 0.3362630208333333 0.064453125 0.12044270833333333
0 0.06982421875 0.40104166666666663 0.1396484375 0.20052083333333331
0 0.224609375 0.5221354166666666 0.21875 0.19921875
0 0.280517578125 0.46842447916666663 0.11279296875 0.14908854166666666
