0 0.05126953125 0.4951171875 0.099609375 0.16731770833333331
0 0.12255859375 0.431640625 0.0771484375 0.09895833333333333
0 0.1767578125 0.42936197916666663 0.025390625 0.09440104166666666
0 0.133544921875 0.31998697916666663 0.10205078125 0.107421875
0 0.252685546875 0.23893229166666666 0.11572265625 0.09375
0 0.29638671875 0.32096354166666663 0.1201171875 0.07291666666666666
0 0.22314453125 0.3681640625 0.0673828125 0.083984375
0 0.2861328125 0.40625 0.0712890625 0.08984375
0 0.4404296875 0.2998046875 0.029296875 0.08268229166666666
0 0.448486328125 0.3899739583333333 0.13330078125 0.09244791666666666
0 0.5166015625 0.45703125 0.111328125 0.10416666666666666
0 0.537353515625 0.298828125 0.06494140625 0.07291666666666666
0 0.54052734375 0.22135416666666666 0.0732421875 0.09375
0 0.665771484375 0.29459635416666663 0.11376953125 0.08528645833333333
0 0.616943359375 0.3274739583333333 0.08154296875 0.09244791666666666
0 0.60205078125 0.3974609375 0.083984375 0.055338541666666664
0 0.655517578125 0.4501953125 0.08154296875 0.087890625
0 0.671142578125 0.3675130208333333 0.07861328125 0.055338541666666664
