0 0.07763671875 0.3587239583333333 0.15234375 0.1875
0 0.182861328125 0.38932291666666663 0.11083984375 0.09635416666666666
0 0.119384765625 0.45084635416666663 0.07958984375 0.05403645833333333
0 0.280517578125 0.48502604166666663 0.20849609375 0.1328125
0 0.510009765625 0.5224609375 0.07568359375 0.177734375
0 0.588623046875 0.37174479166666663 0.18212890625 0.12369791666666666
0 0.623779296875 0.48697916666666663 0.18310546875 0.18619791666666666
0 0.708251953125 0.474609375 0.11572265625 0.12630208333333331
0 0.680908203125 0.3583984375 0.08740234375 0.11263020833333333
0 0.794677734375 0.3343098958333333 0.10595703125 0.13606770833333331
0 0.874267578125 0.44498697916666663 0.11376953125 0.16731770833333331
0 0.786865234375 0.470703125 0.08740234375 0.09375
