0 0.274658203125 0.31217447916666663 0.13134765625 0.115234375
0 0.337158203125 0.4280598958333333 0.16064453125 0.10611979166666666
0 0.438720703125 0.5237630208333333 0.18310546875 0.212890625
0 0.582275390625 0.44889322916666663 0.10791015625 0.142578125
0 0.724609375 0.3642578125 0.0791015625 0.17643229166666666
0 0.693115234375 0.5270182291666666 0.07958984375 0.154296875
0 0.7958984375 0.533203125 0.099609375 0.22395833333333331
0 0.91845703125 0.40201822916666663 0.125 0.146484375
0 0.840087890625 0.3616536458333333 0.08251953125 0.111328125
0 0.947998046875 0.298828125 0.10302734375 0.13020833333333331
0 0.8984375 0.5237630208333333 0.1708984375 0.12044270833333333
