0 0.095947265625 0.3372395833333333 0.18505859375 0.13020833333333331
0 0.185791015625 0.4306640625 0.13525390625 0.119140625
0 0.090576171875 0.5 0.15771484375 0.16796875
0 0.343994140625 0.36002604166666663 0.06103515625 0.13020833333333331
0 0.478515625 0.29166666666666663 0.0791015625 0.13932291666666666
0 0.463623046875 0.4280598958333333 0.05810546875 0.103515625
0 0.5029296875 0.4287109375 0.0322265625 0.087890625
0 0.59033203125 0.4339192708333333 0.1123046875 0.205078125
0 0.607177734375 0.24934895833333331 0.08056640625 0.12890625
0 0.6884765625 0.3154296875 0.125 0.08919270833333333
0 0.77294921875 0.3548177083333333 0.12890625 0.07291666666666666
0 0.861572265625 0.45084635416666663 0.13916015625 0.119140625
0 0.913330078125 0.3968098958333333 0.07861328125 0.083984375
0 0.7705078125 0.4964192708333333 0.09375 0.08268229166666666
