0 0.084228515625 0.470703125 0.15185546875 0.17447916666666666
0 0.13818359375 0.3206380208333333 0.0888671875 0.17643229166666666
0 0.197265625 0.48893229166666663 0.03125 0.15625
0 0.24609375 0.4964192708333333 0.0419921875 0.09309895833333333
0 0.26220703125 0.3792317708333333 0.1513671875 0.111328125
0 0.262939453125 0.27408854166666663 0.08544921875 0.1015625
0 0.63037109375 0.3779296875 0.123046875 0.12174479166666666
0 0.57861328125 0.4599609375 0.068359375 0.12044270833333333
0 0.4580078125 0.4970703125 0.095703125 0.08919270833333333
0 0.502197265625 0.4456380208333333 0.08447265625 0.08138020833333333
0 0.40283203125 0.40006510416666663 0.1005859375 0.08528645833333333
0 0.489990234375 0.29361979166666663 0.08642578125 0.13020833333333331
0 0.41552734375 0.2942708333333333 0.1015625 0.12369791666666666
0 0.3359375 0.44889322916666663 0.0693359375 0.08528645833333333
