0 0.14111328125 0.4602864583333333 0.1171875 0.12760416666666666
0 0.1650390625 0.3304036458333333 0.095703125 0.10611979166666666
0 0.059326171875 0.5087890625 0.10595703125 0.150390625
0 0.434326171875 0.34049479166666663 0.06005859375 0.13411458333333331
0 0.55224609375 0.45572916666666663 0.1396484375 0.10677083333333333
0 0.511962890625 0.322265625 0.06884765625 0.11979166666666666
0 0.59375 0.3372395833333333 0.12109375 0.16796875
0 0.693115234375 0.35611979166666663 0.10986328125 0.10026041666666666
0 0.757568359375 0.3011067708333333 0.06201171875 0.087890625
0 0.727294921875 0.45572916666666663 0.15966796875 0.109375
0 0.768798828125 0.42252604166666663 0.06396484375 0.125
