0 0.055419921875 0.3206380208333333 0.10595703125 0.15169270833333331
0 0.17529296875 0.2903645833333333 0.08984375 0.18359375
0 0.05126953125 0.5055338541666666 0.091796875 0.17643229166666666
0 0.106689453125 0.44303385416666663 0.08251953125 0.08919270833333333
0 0.183349609375 0.5201822916666666 0.18505859375 0.14973958333333331
0 0.193115234375 0.44010416666666663 0.07861328125 0.15755208333333331
0 0.19482421875 0.6842447916666666 0.2177734375 0.20052083333333331
0 0.384521484375 0.5364583333333333 0.06396484375 0.19010416666666666
0 0.519287109375 0.4661458333333333 0.20361328125 0.16015625
0 0.48291015625 0.5439453125 0.076171875 0.09049479166666666
0 0.63818359375 0.4212239583333333 0.1240234375 0.12760416666666666
0 0.76953125 0.4436848958333333 0.080078125 0.08528645833333333
0 0.72216796875 0.4456380208333333 0.0478515625 0.14388020833333331
0 0.6923828125 0.5322265625 0.0498046875 0.111328125
