0 0.498291015625 0.40983072916666663 0.10888671875 0.08528645833333333
0 0.12451171875 0.2854817708333333 0.056640625 0.14127604166666666
0 0.05419921875 0.4173177083333333 0.1083984375 0.16796875
0 0.15966796875 0.4319661458333333 0.068359375 0.10872395833333333
0 0.22265625 0.43359375 0.1533203125 0.15755208333333331
0 0.2880859375 0.3606770833333333 0.099609375 0.12890625
0 0.375244140625 0.38671875 0.11279296875 0.09114583333333333
0 0.399658203125 0.44889322916666663 0.10888671875 0.09049479166666666
0 0.578369140625 0.8053385416666666 0.08544921875 0.3880208333333333
0 0.71044921875 0.9293619791666666 0.24609375 0.13997395833333331
0 0.38232421875 0.6666666666666666 0.2490234375 0.25260416666666663
0 0.33154296875 0.4964192708333333 0.0908203125 0.11002604166666666
0 0.060546875 0.6604817708333333 0.1201171875 0.25065104166666663
0 0.10205078125 0.5322265625 0.0830078125 0.14127604166666666
0 0.216552734375 0.6604817708333333 0.18408203125 0.2805989583333333
0 0.42822265625 0.587890625 0.1962890625 0.16536458333333331
