0 0.583740234375 0.2708333333333333 0.16748046875 0.1328125
0 0.646728515625 0.4130859375 0.05615234375 0.11653645833333333
0 0.206298828125 0.13444010416666666 0.18017578125 0.13736979166666666
0 0.302001953125 0.21516927083333331 0.15966796875 0.15169270833333331
0 0.107666015625 0.4365234375 0.18994140625 0.14778645833333331
0 0.189208984375 0.5221354166666666 0.15966796875 0.20182291666666666
0 0.305908203125 0.345703125 0.23291015625 0.19140625
0 0.375244140625 0.5384114583333333 0.07861328125 0.12890625
0 0.490478515625 0.56640625 0.20751953125 0.13541666666666666
0 0.46337890625 0.43131510416666663 0.1728515625 0.12044270833333333
0 0.53857421875 0.35319010416666663 0.1279296875 0.17643229166666666
