0 0.115234375 0.3743489583333333 0.0810546875 0.10416666666666666
0 0.093505859375 0.5595703125 0.17626953125 0.20377604166666666
0 0.240234375 0.4619140625 0.1201171875 0.19856770833333331
0 0.18408203125 0.439453125 0.091796875 0.09375
0 0.145263671875 0.4925130208333333 0.11474609375 0.09049479166666666
0 0.22216796875 0.5263671875 0.1259765625 0.087890625
0 0.387451171875 0.4700520833333333 0.06396484375 0.11979166666666666
0 0.473388671875 0.4345703125 0.13623046875 0.10872395833333333
0 0.48291015625 0.3391927083333333 0.1455078125 0.08854166666666666
0 0.363525390625 0.2724609375 0.11572265625 0.115234375
0 0.234375 0.32975260416666663 0.1015625 0.09049479166666666
0 0.3466796875 0.3779296875 0.1640625 0.08268229166666666
