0 0.154296875 0.4306640625 0.0947265625 0.083984375
0 0.303955078125 0.3447265625 0.13916015625 0.12044270833333333
0 0.39453125 0.3017578125 0.083984375 0.103515625
0 0.279541015625 0.4632161458333333 0.06396484375 0.10611979166666666
0 0.463134765625 0.46256510416666663 0.13818359375 0.080078125
0 0.518310546875 0.45572916666666663 0.08349609375 0.109375
0 0.537841796875 0.408203125 0.05810546875 0.07161458333333333
0 0.5634765625 0.38932291666666663 0.0498046875 0.05598958333333333
0 0.62841796875 0.4091796875 0.0556640625 0.10872395833333333
0 0.398193359375 0.4173177083333333 0.08349609375 0.09244791666666666
