0 0.376220703125 0.2815755208333333 0.06396484375 0.15690104166666666
0 0.252685546875 0.3108723958333333 0.08349609375 0.08528645833333333
0 0.135009765625 0.2626953125 0.08837890625 0.08138020833333333
0 0.060791015625 0.3798828125 0.10693359375 0.177734375
0 0.167236328125 0.37858072916666663 0.10400390625 0.205078125
0 0.06494140625 0.5445963541666666 0.12890625 0.15950520833333331
0 0.190673828125 0.5498046875 0.18310546875 0.146484375
0 0.289794921875 0.4339192708333333 0.07861328125 0.107421875
0 0.3662109375 0.4436848958333333 0.1005859375 0.10481770833333333
0 0.338623046875 0.5234375 0.15576171875 0.12369791666666666
0 0.464599609375 0.44303385416666663 0.10888671875 0.08658854166666666
