0 0.767822265625 0.470703125 0.16552734375 0.12369791666666666
0 0.657470703125 0.3479817708333333 0.15673828125 0.083984375
0 0.598388671875 0.4143880208333333 0.08349609375 0.119140625
0 0.45458984375 0.36002604166666663 0.1416015625 0.125
0 0.495361328125 0.46451822916666663 0.08251953125 0.083984375
0 0.337158203125 0.4690755208333333 0.08349609375 0.14518229166666666
0 0.35595703125 0.404296875 0.078125 0.1015625
0 0.243896484375 0.24348958333333331 0.12939453125 0.12239583333333333
0 0.06201171875 0.5107421875 0.123046875 0.208984375
0 0.145263671875 0.4192708333333333 0.11279296875 0.10416666666666666
0 0.171875 0.35416666666666663 0.1416015625 0.10677083333333333
0 0.181396484375 0.28092447916666663 0.10205078125 0.05794270833333333
0 0.121826171875 0.17708333333333331 0.06591796875 0.10286458333333333
