0 0.61376953125 0.38671875 0.1123046875 0.13151041666666666
0 0.500244140625 0.4514973958333333 0.11669921875 0.08268229166666666
0 0.38671875 0.24967447916666666 0.099609375 0.11263020833333333
0 0.1279296875 0.4814453125 0.06640625 0.11783854166666666
0 0.1240234375 0.42643229166666663 0.072265625 0.09765625
0 0.193115234375 0.34049479166666663 0.07666015625 0.07421875
0 0.30126953125 0.42936197916666663 0.095703125 0.103515625
0 0.209228515625 0.4339192708333333 0.05810546875 0.115234375
0 0.33154296875 0.3681640625 0.076171875 0.08919270833333333
0 0.46826171875 0.34733072916666663 0.0712890625 0.142578125
0 0.58740234375 0.4345703125 0.1162109375 0.119140625
