0 0.1708984375 0.4599609375 0.1455078125 0.12044270833333333
0 0.25634765625 0.30045572916666663 0.125 0.126953125
0 0.286865234375 0.48307291666666663 0.05810546875 0.15885416666666666
0 0.35498046875 0.43815104166666663 0.0927734375 0.109375
0 0.422119140625 0.4368489583333333 0.08251953125 0.11848958333333333
0 0.474365234375 0.4612630208333333 0.07568359375 0.06966145833333333
0 0.508056640625 0.419921875 0.06494140625 0.0703125
0 0.49365234375 0.337890625 0.0693359375 0.12890625
0 0.545654296875 0.3128255208333333 0.07763671875 0.08658854166666666
0 0.635009765625 0.42545572916666663 0.15478515625 0.14127604166666666
0 0.619873046875 0.2874348958333333 0.05908203125 0.14518229166666666
0 0.853515625 0.3636067708333333 0.0966796875 0.10221354166666666
0 0.753173828125 0.3782552083333333 0.11767578125 0.09375
0 0.790771484375 0.46940104166666663 0.20166015625 0.08854166666666666
