0 0.788330078125 0.455078125 0.35107421875 0.26041666666666663
0 0.526611328125 0.3684895833333333 0.18603515625 0.2552083333333333
0 0.28466796875 0.3974609375 0.23046875 0.17513020833333331
0 0.13671875 0.6178385416666666 0.2666015625 0.30078125
0 0.375732421875 0.6484375 0.27685546875 0.26953125
0 0.376220703125 0.564453125 0.17626953125 0.15885416666666666
0 0.534423828125 0.7880859375 0.22802734375 0.353515625
0 0.752685546875 0.7041015625 0.32470703125 0.30533854166666663
0 0.8203125 0.6061197916666666 0.1708984375 0.12630208333333331
0 0.5283203125 0.5208333333333333 0.15234375 0.13671875
