0 0.048095703125 0.3518880208333333 0.08935546875 0.17903645833333331
0 0.168701171875 0.3304036458333333 0.10888671875 0.10611979166666666
0 0.061767578125 0.5432942708333333 0.11474609375 0.173828125
0 0.159423828125 0.5182291666666666 0.08447265625 0.15885416666666666
0 0.25927734375 0.4847005208333333 0.1025390625 0.17643229166666666
0 0.25830078125 0.3421223958333333 0.0556640625 0.11263020833333333
0 0.330810546875 0.3694661458333333 0.10791015625 0.11653645833333333
0 0.440673828125 0.44010416666666663 0.11181640625 0.09765625
0 0.4140625 0.3655598958333333 0.072265625 0.07877604166666666
0 0.373291015625 0.44140625 0.10693359375 0.09244791666666666
