0 0.13818359375 0.48828125 0.1064453125 0.14192708333333331
0 0.039794921875 0.4990234375 0.07958984375 0.15299479166666666
0 0.20849609375 0.35546875 0.126953125 0.15364583333333331
0 0.23486328125 0.4700520833333333 0.0556640625 0.13802083333333331
0 0.2607421875 0.3518880208333333 0.0810546875 0.11653645833333333
0 0.315185546875 0.3938802083333333 0.07666015625 0.09765625
0 0.35400390625 0.326171875 0.0947265625 0.13541666666666666
0 0.413330078125 0.4270833333333333 0.09521484375 0.09635416666666666
0 0.447998046875 0.34733072916666663 0.11767578125 0.09309895833333333
0 0.459716796875 0.2552083333333333 0.08251953125 0.061197916666666664
0 0.490234375 0.2138671875 0.0927734375 0.083984375
0 0.50537109375 0.16959635416666666 0.125 0.107421875
0 0.50732421875 0.4150390625 0.0478515625 0.09309895833333333
0 0.584716796875 0.43131510416666663 0.09033203125 0.10481770833333333
