0 0.242431640625 0.43131510416666663 0.23974609375 0.18033854166666666
0 0.37890625 0.46744791666666663 0.0771484375 0.12239583333333333
0 0.4306640625 0.4182942708333333 0.1201171875 0.08658854166666666
0 0.47998046875 0.4736328125 0.0869140625 0.11002604166666666
0 0.596923828125 0.2854817708333333 0.15380859375 0.17643229166666666
0 0.595947265625 0.5182291666666666 0.15576171875 0.16666666666666666
0 0.593017578125 0.4501953125 0.11279296875 0.07486979166666666
0 0.714111328125 0.3974609375 0.11083984375 0.16731770833333331
0 0.738525390625 0.53125 0.10888671875 0.12760416666666666
0 0.78369140625 0.4983723958333333 0.0810546875 0.10611979166666666
