0 0.041259765625 0.4814453125 0.08251953125 0.14778645833333331
0 0.171875 0.5022786458333333 0.1416015625 0.11393229166666666
0 0.254150390625 0.4345703125 0.14306640625 0.119140625
0 0.29833984375 0.40983072916666663 0.095703125 0.08268229166666666
0 0.415283203125 0.5026041666666666 0.11572265625 0.10807291666666666
0 0.45654296875 0.4270833333333333 0.126953125 0.12630208333333331
0 0.54150390625 0.3968098958333333 0.142578125 0.09440104166666666
0 0.563720703125 0.5094401041666666 0.08349609375 0.12434895833333333
0 0.625 0.49576822916666663 0.1259765625 0.119140625
0 0.618896484375 0.4326171875 0.06298828125 0.10481770833333333
0 0.670166015625 0.32291666666666663 0.06982421875 0.10416666666666666
0 0.714599609375 0.4482421875 0.08544921875 0.11653645833333333
0 0.7734375 0.3997395833333333 0.1240234375 0.1328125
