0 0.058837890625 0.6070963541666666 0.09228515625 0.21940104166666666
0 0.165283203125 0.34928385416666663 0.05712890625 0.13346354166666666
0 0.486083984375 0.5227864583333333 0.07177734375 0.1328125
0 0.531494140625 0.5231119791666666 0.05908203125 0.11653645833333333
0 0.519287109375 0.36197916666666663 0.06298828125 0.09895833333333333
0 0.58154296875 0.4778645833333333 0.0498046875 0.13020833333333331
0 0.66552734375 0.5458984375 0.09375 0.10611979166666666
0 0.643310546875 0.45377604166666663 0.09326171875 0.1171875
0 0.705322265625 0.44010416666666663 0.08544921875 0.10546875
0 0.754638671875 0.4964192708333333 0.09033203125 0.12565104166666666
0 0.80810546875 0.4677734375 0.0654296875 0.11002604166666666
0 0.867431640625 0.5061848958333333 0.06005859375 0.150390625
0 0.951171875 0.5068359375 0.0966796875 0.119140625
