0 0.181396484375 0.3271484375 0.20361328125 0.17513020833333331
0 0.319091796875 0.4231770833333333 0.08642578125 0.11848958333333333
0 0.156982421875 0.4475911458333333 0.14013671875 0.11002604166666666
0 0.06396484375 0.533203125 0.1171875 0.18619791666666666
0 0.22119140625 0.537109375 0.19140625 0.19661458333333331
0 0.392333984375 0.5498046875 0.18408203125 0.14388020833333331
0 0.45556640625 0.408203125 0.1474609375 0.12890625
0 0.5556640625 0.556640625 0.1708984375 0.125
0 0.583740234375 0.37662760416666663 0.07666015625 0.11653645833333333
0 0.59326171875 0.490234375 0.146484375 0.10286458333333333
0 0.661376953125 0.40234375 0.13623046875 0.12239583333333333
0 0.70849609375 0.5205078125 0.0966796875 0.11393229166666666
0 0.78515625 0.39518229166666663 0.0595703125 0.12760416666666666
0 0.836669921875 0.36490885416666663 0.06494140625 0.10221354166666666
0 0.923095703125 0.4912109375 0.08935546875 0.142578125
0 0.817138671875 0.49674479166666663 0.09326171875 0.12890625
