0 0.558837890625 0.408203125 0.10009765625 0.08854166666666666
0 0.24462890625 0.3499348958333333 0.099609375 0.07486979166666666
0 0.246337890625 0.5986328125 0.10986328125 0.17903645833333331
0 0.352783203125 0.8199869791666666 0.68017578125 0.3587239583333333
0 0.341552734375 0.6891276041666666 0.25146484375 0.10221354166666666
0 0.438720703125 0.41861979166666663 0.08740234375 0.10286458333333333
0 0.400634765625 0.3792317708333333 0.04150390625 0.10611979166666666
0 0.30908203125 0.43424479166666663 0.0595703125 0.09114583333333333
0 0.35498046875 0.41764322916666663 0.0478515625 0.107421875
0 0.18310546875 0.4739583333333333 0.119140625 0.09505208333333333
0 0.257568359375 0.4462890625 0.04052734375 0.087890625
0 0.075439453125 0.5901692708333333 0.15087890625 0.3977864583333333
0 0.132080078125 0.5244140625 0.13330078125 0.10872395833333333
