0 0.293212890625 0.23014322916666666 0.10791015625 0.20638020833333331
0 0.2236328125 0.4794921875 0.1474609375 0.14127604166666666
0 0.12890625 0.41015625 0.076171875 0.09505208333333333
0 0.322265625 0.3743489583333333 0.123046875 0.0859375
0 0.431640625 0.32421875 0.154296875 0.109375
0 0.413330078125 0.4475911458333333 0.10595703125 0.134765625
0 0.31884765625 0.5061848958333333 0.0771484375 0.142578125
0 0.455078125 0.5322265625 0.0546875 0.11393229166666666
0 0.5263671875 0.5325520833333333 0.048828125 0.13020833333333331
0 0.641845703125 0.48502604166666663 0.15576171875 0.16536458333333331
0 0.718994140625 0.45703125 0.13525390625 0.12890625
