0 0.789794921875 0.4833984375 0.07763671875 0.10872395833333333
0 0.331787109375 0.21223958333333331 0.08544921875 0.15755208333333331
0 0.584716796875 0.28287760416666663 0.10498046875 0.103515625
0 0.71240234375 0.470703125 0.099609375 0.09375
0 0.593505859375 0.376953125 0.09130859375 0.06380208333333333
0 0.625244140625 0.4427083333333333 0.08642578125 0.06770833333333333
0 0.659423828125 0.5227864583333333 0.03662109375 0.0703125
0 0.3486328125 0.375 0.2451171875 0.17057291666666666
0 0.165771484375 0.4143880208333333 0.08447265625 0.06184895833333333
0 0.052001953125 0.5934244791666666 0.10400390625 0.19205729166666666
0 0.1611328125 0.5569661458333333 0.142578125 0.173828125
0 0.094482421875 0.5146484375 0.09228515625 0.083984375
0 0.328369140625 0.5403645833333333 0.05224609375 0.1328125
0 0.43505859375 0.5621744791666666 0.0498046875 0.138671875
0 0.453369140625 0.49576822916666663 0.11279296875 0.091796875
0 0.529296875 0.5315755208333333 0.0791015625 0.107421875
0 0.5830078125 0.4788411458333333 0.048828125 0.07747395833333333
