0 0.3466796875 0.0703125 0.0947265625 0.09635416666666666
0 0.105224609375 0.3714192708333333 0.03662109375 0.08268229166666666
0 0.195556640625 0.29296875 0.10791015625 0.0859375
0 0.18359375 0.419921875 0.0732421875 0.0703125
0 0.167236328125 0.38541666666666663 0.08154296875 0.06380208333333333
0 0.233154296875 0.40983072916666663 0.05908203125 0.07486979166666666
0 0.275634765625 0.4182942708333333 0.08837890625 0.07877604166666666
0 0.3232421875 0.27604166666666663 0.080078125 0.08984375
0 0.34912109375 0.2649739583333333 0.0693359375 0.09505208333333333
0 0.4697265625 0.35807291666666663 0.0966796875 0.06901041666666666
0 0.485595703125 0.32975260416666663 0.08544921875 0.07747395833333333
0 0.482421875 0.4280598958333333 0.095703125 0.08658854166666666
0 0.42138671875 0.44303385416666663 0.095703125 0.10611979166666666
0 0.36962890625 0.43131510416666663 0.0830078125 0.07486979166666666
0 0.362548828125 0.3684895833333333 0.12646484375 0.09505208333333333
0 0.407958984375 0.3655598958333333 0.06201171875 0.06184895833333333
