0 0.167236328125 0.5234375 0.13818359375 0.13151041666666666
0 0.150390625 0.435546875 0.1455078125 0.06640625
0 0.05517578125 0.3681640625 0.1103515625 0.138671875
0 0.0576171875 0.5289713541666666 0.0966796875 0.15559895833333331
0 0.025634765625 0.5696614583333333 0.05126953125 0.19401041666666666
0 0.315185546875 0.4495442708333333 0.09228515625 0.08919270833333333
0 0.28466796875 0.3623046875 0.083984375 0.09049479166666666
0 0.338134765625 0.26139322916666663 0.06884765625 0.04622395833333333
0 0.306396484375 0.29296875 0.08349609375 0.0390625
0 0.355224609375 0.3505859375 0.04150390625 0.07877604166666666
