0 0.718017578125 0.5338541666666666 0.14990234375 0.13541666666666666
0 0.68798828125 0.5940755208333333 0.087890625 0.05794270833333333
0 0.588134765625 0.3684895833333333 0.08544921875 0.1328125
0 0.435302734375 0.32877604166666663 0.11279296875 0.1328125
0 0.314208984375 0.20052083333333331 0.06005859375 0.13151041666666666
0 0.17041015625 0.2903645833333333 0.099609375 0.06640625
0 0.171630859375 0.3577473958333333 0.08837890625 0.048828125
0 0.342529296875 0.5452473958333333 0.15771484375 0.14518229166666666
0 0.398681640625 0.423828125 0.08056640625 0.06510416666666666
0 0.45263671875 0.49609375 0.1455078125 0.09765625
0 0.56689453125 0.5520833333333333 0.1240234375 0.13411458333333331
0 0.58984375 0.4602864583333333 0.1025390625 0.10026041666666666
0 0.65283203125 0.4560546875 0.072265625 0.11263020833333333
0 0.2197265625 0.5576171875 0.0947265625 0.17252604166666666
0 0.18408203125 0.42936197916666663 0.0966796875 0.07356770833333333
0 0.294677734375 0.4013671875 0.15966796875 0.11783854166666666
0 0.0693359375 0.5 0.095703125 0.15755208333333331
