0 0.35595703125 0.4632161458333333 0.07421875 0.08138020833333333
0 0.353759765625 0.443359375 0.08837890625 0.1015625
0 0.120849609375 0.3675130208333333 0.05810546875 0.05794270833333333
0 0.459716796875 0.3173828125 0.04150390625 0.10481770833333333
0 0.501220703125 0.37109375 0.05810546875 0.140625
0 0.505859375 0.4749348958333333 0.103515625 0.07747395833333333
0 0.488037109375 0.5078125 0.04345703125 0.06770833333333333
0 0.561279296875 0.42252604166666663 0.09228515625 0.10286458333333333
0 0.58935546875 0.37858072916666663 0.099609375 0.08268229166666666
0 0.667724609375 0.4641927083333333 0.04443359375 0.09895833333333333
0 0.693115234375 0.4501953125 0.03662109375 0.08528645833333333
0 0.703125 0.38541666666666663 0.09375 0.10416666666666666
0 0.73583984375 0.4814453125 0.046875 0.08528645833333333
0 0.86865234375 0.46451822916666663 0.0986328125 0.103515625
0 0.912353515625 0.4521484375 0.08837890625 0.07877604166666666
