0 0.12548828125 0.4931640625 0.0751953125 0.12434895833333333
0 0.144287109375 0.23470052083333331 0.10888671875 0.115234375
0 0.1611328125 0.35123697916666663 0.0810546875 0.10481770833333333
0 0.21240234375 0.3330078125 0.064453125 0.083984375
0 0.28271484375 0.2529296875 0.0947265625 0.07356770833333333
0 0.29638671875 0.4453125 0.087890625 0.09765625
0 0.3427734375 0.43131510416666663 0.0966796875 0.11002604166666666
0 0.4921875 0.3603515625 0.1025390625 0.08658854166666666
0 0.436279296875 0.41178385416666663 0.08642578125 0.08138020833333333
0 0.544921875 0.4143880208333333 0.0517578125 0.07877604166666666
0 0.488525390625 0.41796875 0.05712890625 0.06380208333333333
