0 0.1416015625 0.80859375 0.2646484375 0.38151041666666663
0 0.12353515625 0.31119791666666663 0.201171875 0.19791666666666666
0 0.275390625 0.2333984375 0.0927734375 0.07747395833333333
0 0.31103515625 0.30045572916666663 0.0927734375 0.09440104166666666
0 0.409912109375 0.271484375 0.11279296875 0.18880208333333331
0 0.495361328125 0.35546875 0.08056640625 0.14192708333333331
0 0.5888671875 0.3479817708333333 0.0888671875 0.126953125
0 0.537841796875 0.486328125 0.10498046875 0.13541666666666666
0 0.5986328125 0.4661458333333333 0.0751953125 0.10026041666666666
0 0.507568359375 0.4482421875 0.05615234375 0.048828125
0 0.425537109375 0.6572265625 0.23974609375 0.27408854166666663
0 0.239501953125 0.6539713541666666 0.25634765625 0.212890625
0 0.402099609375 0.5569661458333333 0.19970703125 0.119140625
0 0.156494140625 0.51953125 0.17822265625 0.10416666666666666
0 0.180419921875 0.46256510416666663 0.10595703125 0.08528645833333333
0 0.0458984375 0.5393880208333333 0.091796875 0.119140625
