0 0.40283203125 0.5227864583333333 0.0498046875 0.1328125
0 0.35791015625 0.48502604166666663 0.1044921875 0.13020833333333331
0 0.2841796875 0.5169270833333333 0.0771484375 0.12369791666666666
0 0.388916015625 0.38053385416666663 0.13037109375 0.10611979166666666
0 0.28857421875 0.27408854166666663 0.0458984375 0.09375
0 0.157470703125 0.37760416666666663 0.16357421875 0.13020833333333331
0 0.288330078125 0.3955078125 0.08544921875 0.10872395833333333
0 0.141845703125 0.5628255208333333 0.15478515625 0.14518229166666666
0 0.03369140625 0.58203125 0.0673828125 0.16927083333333331
0 0.111572265625 0.4814453125 0.08642578125 0.09049479166666666
