0 0.473876953125 0.5179036458333333 0.11083984375 0.14518229166666666
0 0.5302734375 0.4931640625 0.09375 0.111328125
0 0.55517578125 0.3743489583333333 0.0927734375 0.13151041666666666
0 0.435546875 0.3011067708333333 0.0732421875 0.107421875
0 0.4677734375 0.40494791666666663 0.0947265625 0.0625
0 0.302001953125 0.5162760416666666 0.23095703125 0.16536458333333331
0 0.34423828125 0.5914713541666666 0.154296875 0.08268229166666666
0 0.138671875 0.3857421875 0.1142578125 0.15169270833333331
0 0.10302734375 0.42545572916666663 0.1767578125 0.14127604166666666
0 0.1533203125 0.5305989583333333 0.0927734375 0.1640625
0 0.06201171875 0.5276692708333333 0.12109375 0.177734375
0 0.23291015625 0.35416666666666663 0.07421875 0.12109375
