0 0.67626953125 0.4026692708333333 0.3388671875 0.5657552083333333
0 0.910888671875 0.77734375 0.17724609375 0.28385416666666663
0 0.578369140625 0.6468098958333333 0.20751953125 0.14778645833333331
0 0.068603515625 0.7854817708333333 0.11376953125 0.220703125
0 0.691650390625 0.15885416666666666 0.13916015625 0.12369791666666666
0 0.336669921875 0.4427083333333333 0.08837890625 0.16015625
0 0.57666015625 0.2998046875 0.0703125 0.13216145833333331
0 0.52734375 0.4993489583333333 0.10546875 0.19401041666666666
0 0.904296875 0.18196614583333331 0.166015625 0.11783854166666666
0 0.92041015625 0.333984375 0.1533203125 0.09895833333333333
0 0.822509765625 0.3919270833333333 0.13427734375 0.08854166666666666
0 0.888916015625 0.5159505208333333 0.22119140625 0.14388020833333331
