0 0.451416015625 0.458984375 0.08642578125 0.19270833333333331
0 0.801513671875 0.5751953125 0.18212890625 0.14518229166666666
0 0.931640625 0.8125 0.1357421875 0.21875
0 0.753662109375 0.3548177083333333 0.13916015625 0.10026041666666666
0 0.719970703125 0.4765625 0.11474609375 0.09505208333333333
0 0.934326171875 0.2880859375 0.13037109375 0.10872395833333333
0 0.90673828125 0.3411458333333333 0.146484375 0.13541666666666666
0 0.888916015625 0.4267578125 0.12744140625 0.11393229166666666
0 0.865966796875 0.4915364583333333 0.10986328125 0.10026041666666666
0 0.97509765625 0.5364583333333333 0.048828125 0.2630208333333333
