0 0.66162109375 0.2727864583333333 0.298828125 0.39713541666666663
0 0.8974609375 0.8343098958333333 0.197265625 0.330078125
0 0.2431640625 0.7972005208333333 0.2919921875 0.404296875
0 0.168212890625 0.7317708333333333 0.25244140625 0.37760416666666663
0 0.385986328125 0.6692708333333333 0.33544921875 0.26822916666666663
0 0.350830078125 0.3818359375 0.15185546875 0.09440104166666666
0 0.423095703125 0.4524739583333333 0.16357421875 0.13541666666666666
0 0.14111328125 0.4925130208333333 0.1455078125 0.15299479166666666
0 0.315185546875 0.5413411458333333 0.12744140625 0.11783854166666666
0 0.620849609375 0.5413411458333333 0.09326171875 0.15559895833333331
0 0.851318359375 0.66796875 0.29638671875 0.390625
0 0.861328125 0.4397786458333333 0.0478515625 0.08268229166666666
0 0.923583984375 0.4788411458333333 0.15185546875 0.11263020833333333
0 0.6357421875 0.41373697916666663 0.119140625 0.060546875
