0 0.24560546875 0.5013020833333333 0.1484375 0.453125
0 0.57373046875 0.47330729166666663 0.171875 0.15364583333333331
0 0.460205078125 0.4651692708333333 0.05322265625 0.11002604166666666
0 0.514404296875 0.3548177083333333 0.18408203125 0.09765625
0 0.744873046875 0.5641276041666666 0.23193359375 0.185546875
0 0.692626953125 0.43326822916666663 0.08642578125 0.11393229166666666
0 0.780029296875 0.4104817708333333 0.09228515625 0.154296875
0 0.907958984375 0.31119791666666663 0.18310546875 0.20052083333333331
0 0.8623046875 0.4212239583333333 0.0966796875 0.15494791666666666
0 0.838623046875 0.4892578125 0.12646484375 0.11393229166666666
0 0.947509765625 0.46875 0.10400390625 0.13020833333333331
0 0.961181640625 0.5745442708333333 0.07666015625 0.271484375
