0 0.3486328125 0.5393880208333333 0.365234375 0.341796875
0 0.326416015625 0.8668619791666666 0.29638671875 0.2649739583333333
0 0.6123046875 0.552734375 0.1396484375 0.18489583333333331
0 0.6044921875 0.46744791666666663 0.14453125 0.15755208333333331
0 0.72509765625 0.2991536458333333 0.1513671875 0.12434895833333333
0 0.80810546875 0.42057291666666663 0.1240234375 0.171875
0 0.767333984375 0.4951171875 0.05908203125 0.134765625
0 0.9189453125 0.5485026041666666 0.1240234375 0.24153645833333331
0 0.86181640625 0.2747395833333333 0.1181640625 0.11979166666666666
0 0.920166015625 0.2646484375 0.15869140625 0.13736979166666666
0 0.93896484375 0.4036458333333333 0.12109375 0.10026041666666666
