0 0.297119140625 0.49772135416666663 0.17919921875 0.19596354166666666
0 0.484619140625 0.5625 0.30224609375 0.3255208333333333
0 0.63623046875 0.5423177083333333 0.095703125 0.20833333333333331
0 0.842529296875 0.6142578125 0.31396484375 0.298828125
0 0.578857421875 0.2919921875 0.08251953125 0.150390625
0 0.773681640625 0.21256510416666666 0.21142578125 0.15559895833333331
0 0.90478515625 0.2571614583333333 0.1328125 0.18359375
0 0.935302734375 0.3850911458333333 0.12841796875 0.18815104166666666
0 0.639404296875 0.423828125 0.15673828125 0.13671875
0 0.734619140625 0.388671875 0.15869140625 0.1796875
0 0.70947265625 0.5113932291666666 0.0986328125 0.07486979166666666
0 0.883056640625 0.4720052083333333 0.06591796875 0.11979166666666666
