0 0.2958984375 0.5559895833333333 0.0625 0.109375
0 0.370849609375 0.5091145833333333 0.20849609375 0.24088541666666666
0 0.44677734375 0.42057291666666663 0.064453125 0.13411458333333331
0 0.506591796875 0.400390625 0.07080078125 0.23958333333333331
0 0.6728515625 0.5764973958333333 0.193359375 0.21940104166666666
0 0.575927734375 0.5065104166666666 0.06103515625 0.17447916666666666
0 0.63671875 0.2744140625 0.1748046875 0.16341145833333331
0 0.869140625 0.6097005208333333 0.2236328125 0.197265625
0 0.7255859375 0.3694661458333333 0.220703125 0.19596354166666666
0 0.822265625 0.16634114583333331 0.0654296875 0.12434895833333333
0 0.926025390625 0.22233072916666666 0.14697265625 0.19856770833333331
0 0.869384765625 0.30631510416666663 0.20263671875 0.181640625
0 0.93017578125 0.44303385416666663 0.10546875 0.13997395833333331
0 0.78857421875 0.4954427083333333 0.041015625 0.11458333333333333
0 0.843017578125 0.4593098958333333 0.10107421875 0.11393229166666666
