0 0.35498046875 0.40690104166666663 0.1884765625 0.13411458333333331
0 0.38525390625 0.53125 0.1181640625 0.18359375
0 0.48876953125 0.5338541666666666 0.09375 0.16796875
0 0.47509765625 0.4153645833333333 0.08203125 0.10286458333333333
0 0.546142578125 0.42154947916666663 0.15771484375 0.15950520833333331
0 0.717529296875 0.30078125 0.24169921875 0.21223958333333331
0 0.899169921875 0.30240885416666663 0.05126953125 0.103515625
0 0.986083984375 0.3059895833333333 0.02685546875 0.17838541666666666
0 0.79638671875 0.5065104166666666 0.3544921875 0.23697916666666666
0 0.694091796875 0.6162109375 0.24072265625 0.16080729166666666
0 0.92919921875 0.642578125 0.140625 0.23567708333333331
0 0.87109375 0.40983072916666663 0.1259765625 0.10481770833333333
