0 0.07763671875 0.4290364583333333 0.1552734375 0.2708333333333333
0 0.408935546875 0.16927083333333331 0.16357421875 0.140625
0 0.444580078125 0.33951822916666663 0.08349609375 0.12825520833333331
0 0.551513671875 0.31315104166666663 0.13525390625 0.11328125
0 0.468505859375 0.45279947916666663 0.06396484375 0.12174479166666666
0 0.5546875 0.4651692708333333 0.1005859375 0.158203125
0 0.667236328125 0.58203125 0.18115234375 0.19140625
0 0.654296875 0.408203125 0.0546875 0.09114583333333333
0 0.706298828125 0.3291015625 0.09033203125 0.14127604166666666
0 0.91015625 0.21842447916666666 0.173828125 0.18815104166666666
0 0.805908203125 0.4036458333333333 0.08837890625 0.17838541666666666
0 0.864013671875 0.5628255208333333 0.17724609375 0.181640625
0 0.88818359375 0.3564453125 0.037109375 0.134765625
