0 0.31982421875 0.3167317708333333 0.048828125 0.10481770833333333
0 0.323974609375 0.4462890625 0.14013671875 0.11002604166666666
0 0.490234375 0.46451822916666663 0.0849609375 0.134765625
0 0.549560546875 0.3929036458333333 0.10009765625 0.10611979166666666
0 0.623291015625 0.259765625 0.09326171875 0.1171875
0 0.70703125 0.296875 0.083984375 0.125
0 0.616943359375 0.43619791666666663 0.12939453125 0.109375
0 0.656982421875 0.4931640625 0.09130859375 0.15950520833333331
0 0.722900390625 0.49576822916666663 0.05419921875 0.17643229166666666
0 0.87548828125 0.5625 0.1142578125 0.19010416666666666
0 0.845703125 0.30859375 0.1962890625 0.18359375
0 0.812255859375 0.20442708333333331 0.05322265625 0.09244791666666666
0 0.8876953125 0.15559895833333331 0.072265625 0.09244791666666666
0 0.820068359375 0.023763020833333332 0.05224609375 0.047526041666666664
0 0.8994140625 0.03548177083333333 0.029296875 0.07096354166666666
0 0.84033203125 0.3948567708333333 0.2001953125 0.146484375
0 0.753173828125 0.4534505208333333 0.06591796875 0.09309895833333333
