0 0.5400390625 0.4671223958333333 0.0419921875 0.11653645833333333
0 0.650390625 0.294921875 0.1064453125 0.10026041666666666
0 0.616455078125 0.46158854166666663 0.04150390625 0.140625
0 0.637939453125 0.42252604166666663 0.06396484375 0.09895833333333333
0 0.685302734375 0.46354166666666663 0.06787109375 0.09635416666666666
0 0.733642578125 0.4651692708333333 0.06298828125 0.119140625
0 0.727294921875 0.3206380208333333 0.06298828125 0.12434895833333333
0 0.798828125 0.2509765625 0.03125 0.08919270833333333
0 0.85791015625 0.31705729166666663 0.0712890625 0.11458333333333333
0 0.895751953125 0.3499348958333333 0.05322265625 0.09440104166666666
0 0.884765625 0.49609375 0.1337890625 0.11328125
0 0.986572265625 0.5179036458333333 0.02587890625 0.111328125
0 0.833984375 0.4609375 0.1064453125 0.06640625
0 0.8046875 0.3798828125 0.109375 0.08919270833333333
0 0.771728515625 0.3369140625 0.08251953125 0.06184895833333333
