0 0.263427734375 0.607421875 0.38134765625 0.3880208333333333
0 0.512939453125 0.33072916666666663 0.04736328125 0.17578125
0 0.527587890625 0.5445963541666666 0.11572265625 0.23111979166666666
0 0.60546875 0.45475260416666663 0.1298828125 0.14778645833333331
0 0.74560546875 0.51953125 0.20703125 0.2591145833333333
0 0.763916015625 0.15364583333333331 0.14111328125 0.18229166666666666
0 0.911376953125 0.21419270833333331 0.16845703125 0.14192708333333331
0 0.7119140625 0.3271484375 0.1376953125 0.15559895833333331
0 0.779541015625 0.2578125 0.06103515625 0.171875
0 0.888916015625 0.3899739583333333 0.22119140625 0.27734375
0 0.901123046875 0.525390625 0.14501953125 0.07552083333333333
