0 0.50244140625 0.6848958333333333 0.1884765625 0.3046875
0 0.284423828125 0.4671223958333333 0.21435546875 0.19596354166666666
0 0.299560546875 0.3408203125 0.18115234375 0.14518229166666666
0 0.405517578125 0.3177083333333333 0.06982421875 0.171875
0 0.4033203125 0.4407552083333333 0.0693359375 0.10807291666666666
0 0.50732421875 0.5055338541666666 0.171875 0.193359375
0 0.5400390625 0.3427734375 0.052734375 0.11393229166666666
0 0.62646484375 0.3069661458333333 0.1005859375 0.134765625
0 0.696533203125 0.2607421875 0.09912109375 0.115234375
0 0.7587890625 0.6090494791666666 0.1416015625 0.22591145833333331
0 0.59765625 0.4202473958333333 0.0869140625 0.056640625
0 0.63623046875 0.5084635416666666 0.1708984375 0.15104166666666666
0 0.724365234375 0.44010416666666663 0.04833984375 0.08723958333333333
0 0.95947265625 0.5797526041666666 0.05078125 0.13736979166666666
0 0.972412109375 0.591796875 0.05419921875 0.20572916666666666
0 0.918212890625 0.4534505208333333 0.15185546875 0.16080729166666666
0 0.827880859375 0.5071614583333333 0.19677734375 0.13151041666666666
0 0.802490234375 0.333984375 0.11865234375 0.13932291666666666
0 0.7578125 0.2923177083333333 0.080078125 0.06901041666666666
