0 0.370361328125 0.18684895833333331 0.17822265625 0.17317708333333331
0 0.19482421875 0.3505859375 0.169921875 0.150390625
0 0.14599609375 0.7024739583333333 0.2880859375 0.59375
0 0.341552734375 0.4208984375 0.14111328125 0.150390625
0 0.49609375 0.5296223958333333 0.1142578125 0.18033854166666666
0 0.54150390625 0.35807291666666663 0.0654296875 0.14973958333333331
0 0.494140625 0.3880208333333333 0.06640625 0.11979166666666666
0 0.63427734375 0.36002604166666663 0.0693359375 0.13541666666666666
0 0.712890625 0.341796875 0.1259765625 0.20572916666666666
0 0.73828125 0.2669270833333333 0.09765625 0.09244791666666666
0 0.636474609375 0.5201822916666666 0.17626953125 0.16015625
0 0.712158203125 0.4807942708333333 0.04541015625 0.10221354166666666
0 0.80078125 0.6630859375 0.2763671875 0.4055989583333333
0 0.83544921875 0.5166015625 0.15234375 0.25065104166666663
0 0.921142578125 0.4104817708333333 0.15673828125 0.185546875
0 0.863037109375 0.35611979166666663 0.07958984375 0.08072916666666666
0 0.94287109375 0.12565104166666666 0.11328125 0.22786458333333331
0 0.8837890625 0.21256510416666666 0.072265625 0.12825520833333331
0 0.943359375 0.5618489583333333 0.1123046875 0.17317708333333331
