0 0.5625 0.5042317708333333 0.0849609375 0.14388020833333331
0 0.665771484375 0.40592447916666663 0.05810546875 0.138671875
0 0.751708984375 0.2835286458333333 0.08056640625 0.12044270833333333
0 0.904541015625 0.5003255208333333 0.18896484375 0.162109375
0 0.857177734375 0.3128255208333333 0.09912109375 0.15169270833333331
0 0.95458984375 0.3050130208333333 0.08984375 0.18294270833333331
0 0.794189453125 0.5009765625 0.17822265625 0.150390625
0 0.78076171875 0.39713541666666663 0.09765625 0.09765625
0 0.71142578125 0.5126953125 0.0830078125 0.142578125
0 0.817138671875 0.4466145833333333 0.18115234375 0.12630208333333331
