0 0.631591796875 0.24153645833333331 0.05126953125 0.14973958333333331
0 0.596435546875 0.39420572916666663 0.12744140625 0.091796875
0 0.568603515625 0.46940104166666663 0.06201171875 0.13541666666666666
0 0.65869140625 0.48209635416666663 0.1689453125 0.18815104166666666
0 0.77685546875 0.5257161458333333 0.228515625 0.21940104166666666
0 0.758056640625 0.35319010416666663 0.14794921875 0.134765625
0 0.8251953125 0.35807291666666663 0.119140625 0.14583333333333331
0 0.9169921875 0.3030598958333333 0.099609375 0.13216145833333331
0 0.93896484375 0.4388020833333333 0.107421875 0.22526041666666666
0 0.94482421875 0.5543619791666666 0.109375 0.11653645833333333
