0 0.514404296875 0.4661458333333333 0.06787109375 0.14973958333333331
0 0.603515625 0.28580729166666663 0.091796875 0.13541666666666666
0 0.5810546875 0.4173177083333333 0.0322265625 0.09635416666666666
0 0.617919921875 0.427734375 0.05126953125 0.13671875
0 0.677490234375 0.3294270833333333 0.08056640625 0.08072916666666666
0 0.759765625 0.32389322916666663 0.181640625 0.119140625
0 0.869384765625 0.2776692708333333 0.10302734375 0.09440104166666666
0 0.68359375 0.44986979166666663 0.0322265625 0.11067708333333333
0 0.775390625 0.5185546875 0.1748046875 0.150390625
0 0.85009765625 0.5133463541666666 0.11328125 0.13997395833333331
0 0.978759765625 0.5341796875 0.04150390625 0.111328125
0 0.830078125 0.43815104166666663 0.125 0.08203125
0 0.90771484375 0.44205729166666663 0.044921875 0.07682291666666666
