0 0.59912109375 0.36393229166666663 0.1142578125 0.13411458333333331
0 0.573974609375 0.5647786458333333 0.26025390625 0.20638020833333331
0 0.725830078125 0.4599609375 0.21337890625 0.16731770833333331
0 0.822509765625 0.5944010416666666 0.28369140625 0.2552083333333333
0 0.8623046875 0.2942708333333333 0.2041015625 0.16796875
0 0.80224609375 0.3118489583333333 0.126953125 0.07682291666666666
0 0.79833984375 0.3606770833333333 0.0908203125 0.07161458333333333
0 0.875244140625 0.3935546875 0.10400390625 0.055338541666666664
0 0.911376953125 0.4251302083333333 0.15771484375 0.08333333333333333
0 0.9873046875 0.6005859375 0.0244140625 0.181640625
