0 0.587890625 0.5218098958333333 0.2314453125 0.19856770833333331
0 0.725830078125 0.37955729166666663 0.07177734375 0.06770833333333333
0 0.838623046875 0.3372395833333333 0.08935546875 0.0703125
0 0.908935546875 0.3134765625 0.01904296875 0.06966145833333333
0 0.8046875 0.5485026041666666 0.2119140625 0.162109375
0 0.724609375 0.4661458333333333 0.09375 0.11848958333333333
0 0.81689453125 0.46744791666666663 0.1669921875 0.09765625
0 0.952392578125 0.41080729166666663 0.08935546875 0.13671875
0 0.947509765625 0.5559895833333333 0.10400390625 0.14453125
0 0.986083984375 0.595703125 0.02685546875 0.10286458333333333
