0 0.689453125 0.4404296875 0.13671875 0.09440104166666666
0 0.713623046875 0.4736328125 0.12451171875 0.095703125
0 0.7763671875 0.35123697916666663 0.0322265625 0.10481770833333333
0 0.8701171875 0.3177083333333333 0.076171875 0.12630208333333331
0 0.91845703125 0.5569661458333333 0.162109375 0.201171875
0 0.808349609375 0.5260416666666666 0.17041015625 0.1328125
0 0.9248046875 0.40690104166666663 0.1494140625 0.11979166666666666
0 0.974853515625 0.4759114583333333 0.04931640625 0.0859375
0 0.829833984375 0.4541015625 0.14111328125 0.087890625
0 0.832763671875 0.3821614583333333 0.07275390625 0.09765625
