0 0.5732421875 0.43619791666666663 0.0712890625 0.14322916666666666
0 0.688720703125 0.3772786458333333 0.11181640625 0.080078125
0 0.683349609375 0.42936197916666663 0.10302734375 0.11263020833333333
0 0.708984375 0.5270182291666666 0.1845703125 0.13736979166666666
0 0.7919921875 0.4739583333333333 0.134765625 0.18229166666666666
0 0.856201171875 0.6285807291666666 0.28662109375 0.224609375
0 0.8037109375 0.33756510416666663 0.0537109375 0.107421875
0 0.852294921875 0.3408203125 0.05224609375 0.06705729166666666
0 0.889404296875 0.36295572916666663 0.04736328125 0.154296875
0 0.95068359375 0.47428385416666663 0.09765625 0.17122395833333331
0 0.879638671875 0.49479166666666663 0.07763671875 0.08203125
