0 0.445556640625 0.46484375 0.15673828125 0.20052083333333331
0 0.5869140625 0.40787760416666663 0.0947265625 0.12825520833333331
0 0.60595703125 0.4931640625 0.087890625 0.111328125
0 0.677001953125 0.5257161458333333 0.18115234375 0.17122395833333331
0 0.685302734375 0.35416666666666663 0.07861328125 0.061197916666666664
0 0.730712890625 0.3564453125 0.03857421875 0.12565104166666666
0 0.79296875 0.35514322916666663 0.04296875 0.06705729166666666
0 0.877685546875 0.24446614583333331 0.11181640625 0.13997395833333331
0 0.921142578125 0.28580729166666663 0.15673828125 0.20052083333333331
0 0.791015625 0.4241536458333333 0.087890625 0.07486979166666666
0 0.72705078125 0.46256510416666663 0.072265625 0.107421875
0 0.8154296875 0.5139973958333333 0.1259765625 0.162109375
0 0.897705078125 0.4817708333333333 0.13134765625 0.1796875
0 0.94873046875 0.4847005208333333 0.1015625 0.17643229166666666
