0 0.25439453125 0.458984375 0.1708984375 0.22786458333333331
0 0.58740234375 0.45182291666666663 0.0830078125 0.12630208333333331
0 0.751708984375 0.5843098958333333 0.19677734375 0.201171875
0 0.701171875 0.45475260416666663 0.0791015625 0.068359375
0 0.810302734375 0.5133463541666666 0.16162109375 0.16080729166666666
0 0.7783203125 0.35416666666666663 0.06640625 0.12630208333333331
0 0.87939453125 0.3984375 0.19140625 0.12630208333333331
0 0.8291015625 0.30533854166666663 0.0986328125 0.10807291666666666
0 0.92724609375 0.22233072916666666 0.14453125 0.20247395833333331
0 0.98388671875 0.6044921875 0.03125 0.10611979166666666
0 0.909423828125 0.5602213541666666 0.09814453125 0.107421875
