0 0.44189453125 0.4700520833333333 0.0654296875 0.140625
0 0.48779296875 0.3743489583333333 0.07421875 0.11979166666666666
0 0.559326171875 0.44986979166666663 0.05517578125 0.12239583333333333
0 0.58251953125 0.46354166666666663 0.0478515625 0.12239583333333333
0 0.650390625 0.4036458333333333 0.068359375 0.10546875
0 0.662109375 0.451171875 0.052734375 0.125
0 0.7158203125 0.509765625 0.03515625 0.12760416666666666
0 0.750732421875 0.36588541666666663 0.14990234375 0.15494791666666666
0 0.821044921875 0.5439453125 0.13232421875 0.13736979166666666
0 0.84033203125 0.5735677083333333 0.109375 0.05598958333333333
0 0.80322265625 0.42578125 0.09375 0.09635416666666666
0 0.868896484375 0.41666666666666663 0.18310546875 0.14192708333333331
0 0.97021484375 0.5465494791666666 0.029296875 0.138671875
0 0.988525390625 0.44303385416666663 0.02197265625 0.095703125
0 0.93798828125 0.5130208333333333 0.0732421875 0.11328125
