0 0.5771484375 0.35546875 0.134765625 0.11979166666666666
0 0.606689453125 0.4124348958333333 0.16064453125 0.177734375
0 0.669677734375 0.5540364583333333 0.20751953125 0.22786458333333331
0 0.726318359375 0.5211588541666666 0.19873046875 0.197265625
0 0.8486328125 0.318359375 0.11328125 0.08203125
0 0.8291015625 0.3831380208333333 0.111328125 0.130859375
0 0.974365234375 0.3125 0.05029296875 0.140625
0 0.9287109375 0.5540364583333333 0.1416015625 0.16796875
0 0.927978515625 0.5335286458333333 0.14306640625 0.22981770833333331
0 0.87841796875 0.5231119791666666 0.1337890625 0.14388020833333331
