0 0.328125 0.4251302083333333 0.126953125 0.1484375
0 0.419189453125 0.33854166666666663 0.09912109375 0.09635416666666666
0 0.400390625 0.4814453125 0.099609375 0.13216145833333331
0 0.4453125 0.4593098958333333 0.10546875 0.14518229166666666
0 0.55908203125 0.431640625 0.1806640625 0.20052083333333331
0 0.56298828125 0.28483072916666663 0.0966796875 0.15559895833333331
0 0.701416015625 0.15983072916666666 0.11572265625 0.14908854166666666
0 0.65380859375 0.27213541666666663 0.0537109375 0.11458333333333333
0 0.629150390625 0.3626302083333333 0.05126953125 0.08203125
0 0.692626953125 0.349609375 0.09619140625 0.11848958333333333
0 0.80029296875 0.2513020833333333 0.1904296875 0.19921875
0 0.778564453125 0.4817708333333333 0.13623046875 0.19401041666666666
0 0.851318359375 0.4345703125 0.13330078125 0.10221354166666666
0 0.903564453125 0.32584635416666663 0.03466796875 0.09440104166666666
0 0.8564453125 0.33170572916666663 0.0439453125 0.08658854166666666
0 0.830322265625 0.34635416666666663 0.06591796875 0.0703125
0 0.89013671875 0.4755859375 0.07421875 0.09309895833333333
