0 0.6318359375 0.4348958333333333 0.0595703125 0.14583333333333331
0 0.697021484375 0.46158854166666663 0.08349609375 0.109375
0 0.7509765625 0.36686197916666663 0.1259765625 0.18033854166666666
0 0.7705078125 0.259765625 0.0458984375 0.11328125
0 0.883544921875 0.19954427083333331 0.08251953125 0.13736979166666666
0 0.838134765625 0.328125 0.06298828125 0.12760416666666666
0 0.83935546875 0.4788411458333333 0.0751953125 0.12044270833333333
0 0.874755859375 0.4622395833333333 0.08056640625 0.09114583333333333
0 0.903076171875 0.3167317708333333 0.04638671875 0.111328125
0 0.879638671875 0.33463541666666663 0.05615234375 0.09244791666666666
0 0.903564453125 0.43424479166666663 0.04052734375 0.08854166666666666
