0 0.484619140625 0.4169921875 0.08544921875 0.099609375
0 0.722412109375 0.3050130208333333 0.05517578125 0.11393229166666666
0 0.697265625 0.4677734375 0.103515625 0.11393229166666666
0 0.73828125 0.4111328125 0.072265625 0.09049479166666666
0 0.801025390625 0.3740234375 0.07958984375 0.10611979166666666
0 0.80029296875 0.4729817708333333 0.10546875 0.09049479166666666
0 0.834228515625 0.4261067708333333 0.04541015625 0.126953125
0 0.892822265625 0.2747395833333333 0.06396484375 0.0859375
0 0.942138671875 0.44791666666666663 0.11474609375 0.21223958333333331
0 0.88916015625 0.3528645833333333 0.0654296875 0.08723958333333333
0 0.866943359375 0.3997395833333333 0.05126953125 0.07552083333333333
