0 0.689453125 0.3411458333333333 0.1025390625 0.10807291666666666
0 0.85595703125 0.2099609375 0.0625 0.13736979166666666
0 0.9091796875 0.251953125 0.03125 0.11458333333333333
0 0.6689453125 0.45572916666666663 0.1435546875 0.13541666666666666
0 0.746826171875 0.50390625 0.19970703125 0.14192708333333331
0 0.840576171875 0.54296875 0.20458984375 0.1796875
0 0.964111328125 0.5143229166666666 0.07080078125 0.14583333333333331
0 0.782470703125 0.4241536458333333 0.02783203125 0.07877604166666666
0 0.80859375 0.43033854166666663 0.029296875 0.08072916666666666
0 0.887451171875 0.33365885416666663 0.04638671875 0.10611979166666666
0 0.8447265625 0.39029947916666663 0.048828125 0.068359375
0 0.8603515625 0.4228515625 0.041015625 0.068359375
