0 0.352783203125 0.357421875 0.05126953125 0.15364583333333331
0 0.344482421875 0.486328125 0.14013671875 0.11848958333333333
0 0.41845703125 0.38671875 0.1201171875 0.09635416666666666
0 0.43994140625 0.4993489583333333 0.1064453125 0.1640625
0 0.57861328125 0.4817708333333333 0.1455078125 0.19401041666666666
0 0.5263671875 0.3763020833333333 0.087890625 0.07942708333333333
0 0.644775390625 0.287109375 0.09521484375 0.10546875
0 0.8427734375 0.23046875 0.041015625 0.140625
0 0.907470703125 0.5400390625 0.16552734375 0.134765625
0 0.719970703125 0.41373697916666663 0.17333984375 0.25065104166666663
0 0.73828125 0.5452473958333333 0.1181640625 0.09440104166666666
0 0.84521484375 0.48828125 0.1337890625 0.13802083333333331
0 0.95263671875 0.41471354166666663 0.09375 0.125
0 0.87158203125 0.34244791666666663 0.037109375 0.13020833333333331
0 0.79248046875 0.3108723958333333 0.0859375 0.09700520833333333
0 0.7158203125 0.349609375 0.0341796875 0.08723958333333333
0 0.64697265625 0.34830729166666663 0.1025390625 0.10026041666666666
0 0.559814453125 0.3662109375 0.02880859375 0.07877604166666666
