0 0.489990234375 0.3821614583333333 0.06298828125 0.10546875
0 0.53955078125 0.3518880208333333 0.1181640625 0.126953125
0 0.603759765625 0.4765625 0.04638671875 0.12890625
0 0.583740234375 0.4443359375 0.11474609375 0.138671875
0 0.63720703125 0.3665364583333333 0.08984375 0.09114583333333333
0 0.67041015625 0.4453125 0.0595703125 0.08723958333333333
0 0.708251953125 0.4817708333333333 0.10693359375 0.125
0 0.79150390625 0.5123697916666666 0.0732421875 0.14583333333333331
0 0.93505859375 0.544921875 0.12890625 0.09375
0 0.9423828125 0.5022786458333333 0.1142578125 0.12174479166666666
0 0.729248046875 0.35904947916666663 0.13134765625 0.14388020833333331
0 0.783935546875 0.30729166666666663 0.08837890625 0.11979166666666666
0 0.8994140625 0.25455729166666663 0.1630859375 0.13671875
0 0.870849609375 0.3909505208333333 0.17529296875 0.12565104166666666
0 0.849609375 0.4765625 0.0703125 0.11458333333333333
