0 0.3779296875 0.3186848958333333 0.0703125 0.166015625
0 0.460205078125 0.44498697916666663 0.08935546875 0.11263020833333333
0 0.492431640625 0.4833984375 0.10400390625 0.10481770833333333
0 0.541748046875 0.4163411458333333 0.08251953125 0.15169270833333331
0 0.68896484375 0.31119791666666663 0.1767578125 0.1953125
0 0.704345703125 0.22298177083333331 0.09130859375 0.11783854166666666
0 0.61962890625 0.4072265625 0.029296875 0.11393229166666666
0 0.646484375 0.45703125 0.078125 0.09244791666666666
0 0.607666015625 0.5572916666666666 0.04248046875 0.13020833333333331
0 0.627685546875 0.5237630208333333 0.13623046875 0.10611979166666666
0 0.75537109375 0.5498046875 0.060546875 0.17643229166666666
0 0.827392578125 0.341796875 0.12451171875 0.1171875
0 0.846435546875 0.2776692708333333 0.09716796875 0.08658854166666666
0 0.9365234375 0.23958333333333331 0.10546875 0.13541666666666666
0 0.964111328125 0.3427734375 0.07080078125 0.2688802083333333
0 0.89013671875 0.5732421875 0.064453125 0.181640625
0 0.89208984375 0.40690104166666663 0.060546875 0.15494791666666666
0 0.787841796875 0.43522135416666663 0.14306640625 0.107421875
0 0.799560546875 0.5390625 0.12451171875 0.11979166666666666
