0 0.453857421875 0.46875 0.10693359375 0.11588541666666666
0 0.518310546875 0.4677734375 0.10888671875 0.10872395833333333
0 0.63623046875 0.28580729166666663 0.1142578125 0.125
0 0.7841796875 0.19303385416666666 0.1533203125 0.11653645833333333
0 0.626220703125 0.49088541666666663 0.19677734375 0.17447916666666666
0 0.6572265625 0.39615885416666663 0.1259765625 0.09049479166666666
0 0.7587890625 0.5345052083333333 0.0693359375 0.20442708333333331
0 0.78369140625 0.4759114583333333 0.0771484375 0.15104166666666666
0 0.733154296875 0.36100260416666663 0.04150390625 0.12044270833333333
0 0.819091796875 0.3108723958333333 0.16064453125 0.14778645833333331
0 0.958984375 0.29557291666666663 0.0810546875 0.16145833333333331
0 0.937255859375 0.3958333333333333 0.12451171875 0.1484375
0 0.929931640625 0.5807291666666666 0.13916015625 0.20442708333333331
0 0.855224609375 0.515625 0.08251953125 0.12890625
