0 0.555908203125 0.40104166666666663 0.20361328125 0.16666666666666666
0 0.509033203125 0.4593098958333333 0.05517578125 0.166015625
0 0.678466796875 0.36002604166666663 0.08837890625 0.12890625
0 0.73974609375 0.3388671875 0.0791015625 0.10611979166666666
0 0.827392578125 0.23795572916666666 0.06689453125 0.111328125
0 0.856689453125 0.36295572916666663 0.16943359375 0.15950520833333331
0 0.632080078125 0.4983723958333333 0.14404296875 0.10481770833333333
0 0.774169921875 0.5413411458333333 0.19873046875 0.19986979166666666
0 0.960693359375 0.40201822916666663 0.07763671875 0.14388020833333331
0 0.933349609375 0.5400390625 0.13232421875 0.142578125
0 0.857177734375 0.4612630208333333 0.05322265625 0.07356770833333333
