0 0.642578125 0.22916666666666666 0.0830078125 0.13020833333333331
0 0.8427734375 0.1484375 0.1015625 0.14322916666666666
0 0.953857421875 0.1474609375 0.09130859375 0.18033854166666666
0 0.94384765625 0.35416666666666663 0.10546875 0.08854166666666666
0 0.651611328125 0.3681640625 0.06005859375 0.10091145833333333
0 0.5654296875 0.4700520833333333 0.181640625 0.16796875
0 0.69677734375 0.5602213541666666 0.060546875 0.17252604166666666
0 0.703125 0.49088541666666663 0.1123046875 0.0859375
0 0.758544921875 0.3606770833333333 0.14794921875 0.1640625
0 0.8115234375 0.30045572916666663 0.12890625 0.126953125
0 0.91015625 0.5266927083333333 0.1787109375 0.25651041666666663
0 0.86181640625 0.5826822916666666 0.15625 0.16927083333333331
