0 0.45068359375 0.4573567708333333 0.0927734375 0.12174479166666666
0 0.51123046875 0.45865885416666663 0.0537109375 0.181640625
0 0.64794921875 0.15592447916666666 0.1533203125 0.12174479166666666
0 0.807373046875 0.23763020833333331 0.19677734375 0.15104166666666666
0 0.6533203125 0.2757161458333333 0.150390625 0.083984375
0 0.57373046875 0.48502604166666663 0.0322265625 0.1171875
0 0.577880859375 0.3974609375 0.07470703125 0.09830729166666666
0 0.655029296875 0.4983723958333333 0.12841796875 0.15559895833333331
0 0.786376953125 0.50390625 0.14013671875 0.12760416666666666
0 0.8642578125 0.39518229166666663 0.1337890625 0.17838541666666666
0 0.938232421875 0.412109375 0.07568359375 0.13671875
0 0.9755859375 0.5494791666666666 0.0478515625 0.109375
0 0.764892578125 0.3763020833333333 0.06005859375 0.11588541666666666
