0 0.270751953125 0.4602864583333333 0.09228515625 0.14713541666666666
0 0.394775390625 0.48828125 0.25048828125 0.23828125
0 0.563232421875 0.5556640625 0.30224609375 0.251953125
0 0.34326171875 0.4345703125 0.0966796875 0.123046875
0 0.59521484375 0.4482421875 0.1171875 0.10611979166666666
0 0.66650390625 0.3994140625 0.1201171875 0.111328125
0 0.70166015625 0.4755859375 0.0556640625 0.099609375
0 0.765380859375 0.43359375 0.12353515625 0.125
0 0.80029296875 0.4055989583333333 0.08203125 0.14713541666666666
0 0.778076171875 0.5729166666666666 0.16455078125 0.18880208333333331
0 0.90625 0.5432942708333333 0.1064453125 0.189453125
0 0.980712890625 0.6175130208333333 0.03759765625 0.11653645833333333
0 0.920654296875 0.4111328125 0.06396484375 0.15950520833333331
0 0.8447265625 0.4368489583333333 0.060546875 0.10416666666666666
0 0.884033203125 0.43033854166666663 0.02978515625 0.10807291666666666
