0 0.198974609375 0.3447265625 0.28759765625 0.24153645833333331
0 0.425048828125 0.3255208333333333 0.26220703125 0.5026041666666666
0 0.30419921875 0.5559895833333333 0.1337890625 0.25390625
0 0.5712890625 0.7880859375 0.595703125 0.42252604166666663
0 0.588134765625 0.3118489583333333 0.14306640625 0.16927083333333331
0 0.807861328125 0.5712890625 0.20556640625 0.185546875
0 0.779296875 0.3050130208333333 0.2109375 0.279296875
0 0.830078125 0.21256510416666666 0.0986328125 0.111328125
0 0.9345703125 0.40234375 0.1298828125 0.2109375
0 0.609375 0.5299479166666666 0.0625 0.140625
0 0.575439453125 0.43359375 0.04638671875 0.1171875
0 0.677734375 0.5442708333333333 0.138671875 0.11328125
0 0.69482421875 0.42838541666666663 0.07421875 0.08333333333333333
0 0.848876953125 0.45963541666666663 0.05712890625 0.08723958333333333
0 0.868408203125 0.4931640625 0.14892578125 0.07356770833333333
0 0.4326171875 0.6168619791666666 0.0771484375 0.13216145833333331
