0 0.095947265625 0.40104166666666663 0.05908203125 0.17708333333333331
0 0.218505859375 0.55078125 0.17822265625 0.23307291666666666
0 0.266357421875 0.42838541666666663 0.06298828125 0.18619791666666666
0 0.38525390625 0.3564453125 0.203125 0.24153645833333331
0 0.635009765625 0.2972005208333333 0.31689453125 0.322265625
0 0.832763671875 0.16796875 0.12158203125 0.18359375
0 0.494384765625 0.3671875 0.10302734375 0.16276041666666666
0 0.49072265625 0.6793619791666666 0.244140625 0.32877604166666663
0 0.3564453125 0.5517578125 0.1181640625 0.17643229166666666
0 0.43798828125 0.4954427083333333 0.1591796875 0.11067708333333333
0 0.595947265625 0.4169921875 0.13330078125 0.051432291666666664
0 0.708984375 0.65234375 0.2822265625 0.31901041666666663
0 0.862548828125 0.7464192708333333 0.27392578125 0.4290364583333333
0 0.90234375 0.40690104166666663 0.1943359375 0.24739583333333331
0 0.92529296875 0.28971354166666663 0.1484375 0.11458333333333333
0 0.763427734375 0.4798177083333333 0.09326171875 0.09765625
0 0.802490234375 0.3880208333333333 0.13623046875 0.13020833333333331
0 0.571044921875 0.42350260416666663 0.07958984375 0.056640625
0 0.634765625 0.45572916666666663 0.119140625 0.10416666666666666
