0 0.66845703125 0.4365234375 0.0546875 0.10611979166666666
0 0.71142578125 0.2373046875 0.0390625 0.123046875
0 0.877197265625 0.21809895833333331 0.12353515625 0.14192708333333331
0 0.8984375 0.31022135416666663 0.0400390625 0.080078125
0 0.777587890625 0.3274739583333333 0.12744140625 0.08072916666666666
0 0.7822265625 0.3665364583333333 0.03515625 0.078125
0 0.702392578125 0.41666666666666663 0.03076171875 0.11328125
0 0.7236328125 0.4765625 0.044921875 0.11197916666666666
0 0.790283203125 0.4856770833333333 0.14306640625 0.171875
0 0.909423828125 0.5179036458333333 0.18017578125 0.17643229166666666
0 0.8681640625 0.3955078125 0.033203125 0.099609375
