0 0.35546875 0.24609375 0.1904296875 0.18229166666666666
0 0.3271484375 0.4208984375 0.212890625 0.177734375
0 0.248291015625 0.4319661458333333 0.10400390625 0.134765625
0 0.394287109375 0.4417317708333333 0.17236328125 0.17122395833333331
0 0.608154296875 0.3154296875 0.15576171875 0.17252604166666666
0 0.57080078125 0.37369791666666663 0.0986328125 0.07291666666666666
0 0.50048828125 0.5719401041666666 0.11328125 0.19205729166666666
0 0.559814453125 0.4934895833333333 0.13818359375 0.15625
0 0.628662109375 0.6236979166666666 0.09619140625 0.2591145833333333
0 0.651611328125 0.46354166666666663 0.03466796875 0.09895833333333333
0 0.731201171875 0.33756510416666663 0.09912109375 0.138671875
0 0.701171875 0.4739583333333333 0.1181640625 0.11979166666666666
0 0.797607421875 0.4501953125 0.11865234375 0.11653645833333333
0 0.795654296875 0.6220703125 0.11669921875 0.21809895833333331
0 0.85791015625 0.55859375 0.140625 0.1484375
0 0.891357421875 0.6087239583333333 0.15673828125 0.17317708333333331
0 0.93017578125 0.45572916666666663 0.138671875 0.21354166666666666
0 0.81787109375 0.2685546875 0.08984375 0.13346354166666666
0 0.90283203125 0.3525390625 0.193359375 0.154296875
0 0.95068359375 0.291015625 0.09765625 0.125
