0 0.024169921875 0.39225260416666663 0.04833984375 0.14518229166666666
0 0.167724609375 0.3059895833333333 0.16748046875 0.21614583333333331
0 0.4169921875 0.3557942708333333 0.0517578125 0.14778645833333331
0 0.373046875 0.44140625 0.0703125 0.109375
0 0.43701171875 0.5423177083333333 0.1689453125 0.13671875
0 0.50390625 0.3528645833333333 0.0810546875 0.11458333333333333
0 0.538818359375 0.4729817708333333 0.11181640625 0.216796875
0 0.650146484375 0.6572265625 0.08349609375 0.23372395833333331
0 0.7685546875 0.6083984375 0.068359375 0.19075520833333331
0 0.9091796875 0.658203125 0.115234375 0.2786458333333333
0 0.964599609375 0.7337239583333333 0.06982421875 0.15234375
0 0.779541015625 0.36295572916666663 0.33935546875 0.25846354166666663
0 0.969970703125 0.18782552083333331 0.05908203125 0.3626302083333333
0 0.816650390625 0.5276692708333333 0.11279296875 0.10481770833333333
0 0.627685546875 0.4912109375 0.11572265625 0.13736979166666666
0 0.810302734375 0.20670572916666666 0.14013671875 0.12825520833333331
