0 0.3896484375 0.47037760416666663 0.1220703125 0.205078125
0 0.54541015625 0.3430989583333333 0.0537109375 0.09765625
0 0.622314453125 0.15950520833333331 0.04150390625 0.17317708333333331
0 0.5771484375 0.5068359375 0.2138671875 0.251953125
0 0.66455078125 0.3518880208333333 0.1611328125 0.16080729166666666
0 0.525390625 0.47916666666666663 0.10546875 0.08854166666666666
0 0.664306640625 0.5309244791666666 0.16845703125 0.17643229166666666
0 0.794189453125 0.6285807291666666 0.21240234375 0.306640625
0 0.83935546875 0.7093098958333333 0.1962890625 0.14908854166666666
0 0.9541015625 0.5478515625 0.0908203125 0.228515625
0 0.972900390625 0.6500651041666666 0.05322265625 0.13736979166666666
0 0.849853515625 0.38346354166666663 0.07080078125 0.22786458333333331
0 0.673095703125 0.22721354166666666 0.09521484375 0.1171875
0 0.732421875 0.2620442708333333 0.0810546875 0.11783854166666666
0 0.801513671875 0.173828125 0.09814453125 0.14453125
0 0.81201171875 0.022786458333333332 0.0771484375 0.045572916666666664
0 0.92822265625 0.197265625 0.1220703125 0.1484375
0 0.93017578125 0.357421875 0.138671875 0.15755208333333331
0 0.9462890625 0.2470703125 0.044921875 0.06184895833333333
0 0.804931640625 0.29557291666666663 0.05126953125 0.15755208333333331
