0 0.44873046875 0.40787760416666663 0.1376953125 0.12565104166666666
0 0.451171875 0.466796875 0.099609375 0.07942708333333333
0 0.552978515625 0.43229166666666663 0.15576171875 0.15755208333333331
0 0.597412109375 0.5989583333333333 0.09912109375 0.22005208333333331
0 0.646484375 0.5166015625 0.1015625 0.181640625
0 0.646484375 0.44303385416666663 0.0830078125 0.10221354166666666
0 0.762939453125 0.3095703125 0.21630859375 0.21549479166666666
0 0.86865234375 0.28385416666666663 0.109375 0.11328125
0 0.758544921875 0.5670572916666666 0.06494140625 0.16927083333333331
0 0.7109375 0.4755859375 0.060546875 0.150390625
0 0.81494140625 0.5061848958333333 0.1064453125 0.099609375
0 0.86962890625 0.5849609375 0.06640625 0.205078125
0 0.94287109375 0.6712239583333333 0.11328125 0.20572916666666666
0 0.953857421875 0.5511067708333333 0.09130859375 0.091796875
