0 0.4189453125 0.2802734375 0.119140625 0.15169270833333331
0 0.522216796875 0.2893880208333333 0.10400390625 0.12825520833333331
0 0.54443359375 0.3388671875 0.0751953125 0.06184895833333333
0 0.462158203125 0.4593098958333333 0.25146484375 0.169921875
0 0.4814453125 0.5384114583333333 0.2138671875 0.10807291666666666
0 0.54296875 0.4208984375 0.1181640625 0.10611979166666666
0 0.685791015625 0.43717447916666663 0.18798828125 0.201171875
0 0.69482421875 0.5716145833333333 0.154296875 0.14322916666666666
0 0.863037109375 0.33984375 0.19287109375 0.17447916666666666
0 0.752685546875 0.3841145833333333 0.13330078125 0.19661458333333331
0 0.877685546875 0.5302734375 0.09130859375 0.20638020833333331
0 0.795654296875 0.5660807291666666 0.09912109375 0.16471354166666666
0 0.9658203125 0.5107421875 0.0673828125 0.18424479166666666
