0 0.376708984375 0.34342447916666663 0.11474609375 0.11002604166666666
0 0.43798828125 0.40885416666666663 0.056640625 0.15104166666666666
0 0.521728515625 0.3616536458333333 0.11474609375 0.142578125
0 0.51171875 0.4739583333333333 0.109375 0.11979166666666666
0 0.664794921875 0.24283854166666666 0.11669921875 0.13411458333333331
0 0.750732421875 0.21549479166666666 0.14794921875 0.14713541666666666
0 0.786376953125 0.17252604166666666 0.14501953125 0.14453125
0 0.65625 0.5133463541666666 0.10546875 0.16861979166666666
0 0.8916015625 0.560546875 0.19921875 0.17317708333333331
0 0.9267578125 0.5400390625 0.1455078125 0.142578125
0 0.765380859375 0.5013020833333333 0.11865234375 0.1328125
0 0.863037109375 0.3479817708333333 0.08447265625 0.134765625
0 0.804443359375 0.3818359375 0.03955078125 0.11653645833333333
0 0.736572265625 0.3499348958333333 0.11376953125 0.09440104166666666
0 0.686279296875 0.404296875 0.14990234375 0.1015625
0 0.627197265625 0.38736979166666663 0.09423828125 0.09114583333333333
0 0.8623046875 0.4677734375 0.0908203125 0.06966145833333333
