0 0.3076171875 0.42936197916666663 0.28515625 0.326171875
0 0.193603515625 0.283203125 0.16259765625 0.16796875
0 0.334228515625 0.5475260416666666 0.05322265625 0.1328125
0 0.403564453125 0.4462890625 0.05517578125 0.12044270833333333
0 0.47314453125 0.3642578125 0.1171875 0.13736979166666666
0 0.458251953125 0.44986979166666663 0.04931640625 0.09895833333333333
0 0.477294921875 0.5094401041666666 0.07177734375 0.208984375
0 0.55810546875 0.49186197916666663 0.1015625 0.146484375
0 0.572021484375 0.5169270833333333 0.05322265625 0.08203125
0 0.609619140625 0.6057942708333333 0.10400390625 0.16080729166666666
0 0.66015625 0.259765625 0.1572265625 0.2578125
0 0.891357421875 0.13509114583333331 0.19775390625 0.21419270833333331
0 0.666748046875 0.4248046875 0.05908203125 0.10091145833333333
0 0.7080078125 0.44303385416666663 0.0703125 0.11393229166666666
0 0.90185546875 0.5182291666666666 0.1953125 0.33203125
0 0.90234375 0.37467447916666663 0.1787109375 0.11653645833333333
0 0.816162109375 0.3880208333333333 0.13037109375 0.10286458333333333
0 0.822021484375 0.5289713541666666 0.28759765625 0.24283854166666666
