0 0.175537109375 0.4052734375 0.09228515625 0.216796875
0 0.594970703125 0.3079427083333333 0.07080078125 0.18489583333333331
0 0.49169921875 0.4153645833333333 0.0595703125 0.1640625
0 0.440673828125 0.5732421875 0.08740234375 0.20247395833333331
0 0.57958984375 0.5895182291666666 0.2587890625 0.3001302083333333
0 0.67041015625 0.4208984375 0.1435546875 0.13346354166666666
0 0.656005859375 0.486328125 0.05126953125 0.1640625
0 0.7275390625 0.5387369791666666 0.0732421875 0.16731770833333331
0 0.9404296875 0.15397135416666666 0.1181640625 0.197265625
0 0.9169921875 0.376953125 0.1650390625 0.13802083333333331
0 0.835205078125 0.3577473958333333 0.14501953125 0.10611979166666666
0 0.802978515625 0.357421875 0.10791015625 0.09895833333333333
0 0.860595703125 0.4651692708333333 0.19287109375 0.126953125
0 0.839599609375 0.7350260416666666 0.31982421875 0.46354166666666663
0 0.799072265625 0.5904947916666666 0.05126953125 0.16796875
0 0.946533203125 0.5188802083333333 0.10595703125 0.11848958333333333
