0 0.647705078125 0.14192708333333331 0.38623046875 0.2825520833333333
0 0.846923828125 0.29296875 0.05029296875 0.15625
0 0.46923828125 0.2119140625 0.1298828125 0.08528645833333333
0 0.474853515625 0.240234375 0.01025390625 0.0013020833333333333
0 0.474853515625 0.3076171875 0.24951171875 0.13997395833333331
0 0.6611328125 0.33072916666666663 0.052734375 0.12239583333333333
0 0.45556640625 0.4807942708333333 0.3056640625 0.2805989583333333
0 0.727294921875 0.6676432291666666 0.35595703125 0.263671875
0 0.901611328125 0.7604166666666666 0.19580078125 0.375
0 0.947998046875 0.3470052083333333 0.10302734375 0.171875
0 0.759033203125 0.45572916666666663 0.25244140625 0.16276041666666666
0 0.77392578125 0.3421223958333333 0.078125 0.068359375
0 0.890625 0.5706380208333333 0.1787109375 0.12174479166666666
