0 0.13671875 0.44205729166666663 0.1181640625 0.22786458333333331
0 0.48193359375 0.1904296875 0.2529296875 0.255859375
0 0.260986328125 0.615234375 0.14208984375 0.27994791666666663
0 0.424072265625 0.5748697916666666 0.25830078125 0.34635416666666663
0 0.52197265625 0.48307291666666663 0.1123046875 0.16276041666666666
0 0.6044921875 0.3684895833333333 0.14453125 0.14973958333333331
0 0.7783203125 0.34765625 0.28515625 0.2109375
0 0.8837890625 0.2314453125 0.203125 0.12565104166666666
0 0.932373046875 0.38639322916666663 0.10009765625 0.150390625
0 0.58447265625 0.5823567708333333 0.0654296875 0.22330729166666666
0 0.753662109375 0.5758463541666666 0.33935546875 0.23893229166666666
0 0.939697265625 0.5501302083333333 0.11962890625 0.1796875
0 0.88427734375 0.767578125 0.23046875 0.34375
