0 0.196044921875 0.45768229166666663 0.15966796875 0.14973958333333331
0 0.37353515625 0.5247395833333333 0.115234375 0.22786458333333331
0 0.42529296875 0.4954427083333333 0.0576171875 0.16276041666666666
0 0.55712890625 0.5598958333333333 0.138671875 0.22265625
0 0.555908203125 0.455078125 0.12158203125 0.15104166666666666
0 0.553466796875 0.3889973958333333 0.09326171875 0.07096354166666666
0 0.700439453125 0.32389322916666663 0.06787109375 0.134765625
0 0.6484375 0.4583333333333333 0.103515625 0.20963541666666666
0 0.721435546875 0.46158854166666663 0.07470703125 0.14713541666666666
0 0.787841796875 0.3050130208333333 0.08837890625 0.166015625
0 0.828369140625 0.31901041666666663 0.03076171875 0.09114583333333333
0 0.8671875 0.17057291666666666 0.044921875 0.1328125
0 0.91845703125 0.3636067708333333 0.162109375 0.138671875
0 0.78515625 0.43717447916666663 0.0556640625 0.04622395833333333
0 0.872802734375 0.5690104166666666 0.16845703125 0.2903645833333333
0 0.972900390625 0.537109375 0.05322265625 0.1484375
