0 0.43505859375 0.388671875 0.15625 0.15755208333333331
0 0.48828125 0.3564453125 0.0888671875 0.10091145833333333
0 0.52734375 0.3968098958333333 0.0693359375 0.103515625
0 0.4609375 0.5068359375 0.0517578125 0.10091145833333333
0 0.64111328125 0.380859375 0.0654296875 0.10807291666666666
0 0.60986328125 0.4993489583333333 0.0595703125 0.15104166666666666
0 0.65380859375 0.5149739583333333 0.0947265625 0.1328125
0 0.71484375 0.3447265625 0.068359375 0.197265625
0 0.8359375 0.19921875 0.212890625 0.13020833333333331
0 0.789306640625 0.3720703125 0.04248046875 0.12825520833333331
0 0.902587890625 0.3583984375 0.16455078125 0.21028645833333331
0 0.74755859375 0.5270182291666666 0.0458984375 0.14127604166666666
0 0.712158203125 0.4895833333333333 0.02685546875 0.11328125
0 0.85498046875 0.66015625 0.2890625 0.2708333333333333
0 0.80322265625 0.4895833333333333 0.126953125 0.109375
0 0.961669921875 0.607421875 0.07568359375 0.12630208333333331
