0 0.57177734375 0.35319010416666663 0.126953125 0.138671875
0 0.88623046875 0.2698567708333333 0.2265625 0.205078125
0 0.6318359375 0.4837239583333333 0.12109375 0.11328125
0 0.61962890625 0.3916015625 0.0654296875 0.123046875
0 0.653564453125 0.41666666666666663 0.04833984375 0.09375
0 0.7265625 0.4290364583333333 0.1181640625 0.16145833333333331
0 0.7294921875 0.37109375 0.080078125 0.1328125
0 0.82275390625 0.5296223958333333 0.1552734375 0.15169270833333331
0 0.890625 0.48795572916666663 0.0576171875 0.11653645833333333
0 0.9013671875 0.44596354166666663 0.041015625 0.09765625
0 0.8369140625 0.35807291666666663 0.166015625 0.11848958333333333
