0 0.338134765625 0.4248046875 0.05517578125 0.15950520833333331
0 0.569580078125 0.5065104166666666 0.29150390625 0.23567708333333331
0 0.572509765625 0.36328125 0.10302734375 0.09375
0 0.759521484375 0.3515625 0.10400390625 0.11848958333333333
0 0.820556640625 0.31608072916666663 0.05615234375 0.14778645833333331
0 0.7451171875 0.521484375 0.044921875 0.13020833333333331
0 0.72314453125 0.45963541666666663 0.10546875 0.10807291666666666
0 0.8134765625 0.4892578125 0.068359375 0.13997395833333331
0 0.90576171875 0.6214192708333333 0.1875 0.16731770833333331
0 0.9384765625 0.4720052083333333 0.0888671875 0.13411458333333331
0 0.971923828125 0.33072916666666663 0.05517578125 0.13541666666666666
0 0.927001953125 0.33203125 0.13623046875 0.13802083333333331
