0 0.51806640625 0.4026692708333333 0.046875 0.11783854166666666
0 0.55224609375 0.5074869791666666 0.1796875 0.13216145833333331
0 0.82373046875 0.15299479166666666 0.1474609375 0.20052083333333331
0 0.6357421875 0.42350260416666663 0.1025390625 0.11783854166666666
0 0.676025390625 0.4384765625 0.07080078125 0.083984375
0 0.708251953125 0.5338541666666666 0.04248046875 0.15104166666666666
0 0.75390625 0.5048828125 0.0595703125 0.12955729166666666
0 0.7724609375 0.4690755208333333 0.0908203125 0.123046875
0 0.829345703125 0.42350260416666663 0.10400390625 0.18294270833333331
0 0.870849609375 0.3470052083333333 0.12548828125 0.12630208333333331
0 0.96533203125 0.287109375 0.068359375 0.17578125
0 0.93505859375 0.5045572916666666 0.12890625 0.1953125
0 0.92236328125 0.6064453125 0.154296875 0.134765625
0 0.882568359375 0.53515625 0.12060546875 0.0546875
