0 0.498046875 0.44010416666666663 0.203125 0.16276041666666666
0 0.656005859375 0.49609375 0.22900390625 0.18880208333333331
0 0.668701171875 0.33984375 0.08740234375 0.109375
0 0.825927734375 0.4033203125 0.18798828125 0.150390625
0 0.76708984375 0.3216145833333333 0.107421875 0.06510416666666666
0 0.718994140625 0.40983072916666663 0.12548828125 0.07747395833333333
0 0.87646484375 0.32486979166666663 0.0966796875 0.11588541666666666
0 0.949462890625 0.2724609375 0.10009765625 0.166015625
0 0.96337890625 0.4173177083333333 0.0390625 0.1328125
0 0.924072265625 0.5934244791666666 0.15087890625 0.19856770833333331
0 0.87255859375 0.5208333333333333 0.1142578125 0.09114583333333333
0 0.84521484375 0.5016276041666666 0.150390625 0.10091145833333333
