0 0.395751953125 0.39908854166666663 0.08349609375 0.15234375
0 0.488037109375 0.4163411458333333 0.11279296875 0.12565104166666666
0 0.58056640625 0.5211588541666666 0.1259765625 0.166015625
0 0.642578125 0.4443359375 0.1171875 0.095703125
0 0.704345703125 0.49674479166666663 0.04541015625 0.11848958333333333
0 0.690673828125 0.33365885416666663 0.17236328125 0.13346354166666666
0 0.79052734375 0.42252604166666663 0.044921875 0.14713541666666666
0 0.768798828125 0.4267578125 0.10400390625 0.10091145833333333
0 0.868408203125 0.3245442708333333 0.09521484375 0.07877604166666666
0 0.929443359375 0.3636067708333333 0.14013671875 0.197265625
0 0.893310546875 0.5768229166666666 0.20947265625 0.21614583333333331
0 0.7822265625 0.5452473958333333 0.0927734375 0.10481770833333333
0 0.935302734375 0.5419921875 0.12841796875 0.154296875
0 0.8603515625 0.43815104166666663 0.11328125 0.08203125
