0 0.693359375 0.4212239583333333 0.05859375 0.10807291666666666
0 0.756591796875 0.43717447916666663 0.03076171875 0.04622395833333333
0 0.760986328125 0.4833984375 0.05810546875 0.13216145833333331
0 0.813720703125 0.4944661458333333 0.12158203125 0.12955729166666666
0 0.55859375 0.38053385416666663 0.0439453125 0.09830729166666666
0 0.635498046875 0.48111979166666663 0.06689453125 0.11328125
0 0.59423828125 0.4895833333333333 0.0537109375 0.109375
0 0.545654296875 0.5130208333333333 0.09228515625 0.12630208333333331
0 0.304443359375 0.5455729166666666 0.13623046875 0.20182291666666666
0 0.0478515625 0.423828125 0.095703125 0.23307291666666666
0 0.074462890625 0.3798828125 0.12744140625 0.20247395833333331
0 0.15966796875 0.46451822916666663 0.111328125 0.12565104166666666
0 0.20654296875 0.4892578125 0.1494140625 0.14388020833333331
0 0.20947265625 0.37955729166666663 0.0654296875 0.061197916666666664
0 0.311279296875 0.4404296875 0.11669921875 0.07356770833333333
0 0.3369140625 0.39322916666666663 0.091796875 0.05078125
0 0.386962890625 0.5048828125 0.14013671875 0.123046875
0 0.436279296875 0.4388020833333333 0.08740234375 0.13541666666666666
0 0.481689453125 0.4521484375 0.10302734375 0.111328125
