0 0.612548828125 0.453125 0.07177734375 0.18098958333333331
0 0.511962890625 0.6110026041666666 0.13232421875 0.240234375
0 0.03125 0.3098958333333333 0.0625 0.2109375
0 0.135986328125 0.24934895833333331 0.11279296875 0.16536458333333331
0 0.143798828125 0.45377604166666663 0.22216796875 0.20703125
0 0.271728515625 0.6793619791666666 0.33154296875 0.341796875
0 0.390625 0.5 0.0556640625 0.15234375
0 0.435791015625 0.5598958333333333 0.04833984375 0.18098958333333331
0 0.097900390625 0.6985677083333333 0.19580078125 0.29166666666666663
0 0.03125 0.5322265625 0.0625 0.13346354166666666
0 0.318603515625 0.34342447916666663 0.09912109375 0.11263020833333333
0 0.28173828125 0.470703125 0.0732421875 0.10286458333333333
0 0.219482421875 0.4378255208333333 0.07958984375 0.051432291666666664
0 0.286865234375 0.4319661458333333 0.09423828125 0.08658854166666666
0 0.364990234375 0.43326822916666663 0.08642578125 0.07747395833333333
0 0.458984375 0.455078125 0.05078125 0.08854166666666666
0 0.51318359375 0.3889973958333333 0.060546875 0.080078125
0 0.51953125 0.4593098958333333 0.044921875 0.09440104166666666
0 0.43505859375 0.39811197916666663 0.080078125 0.07877604166666666
