0 0.102783203125 0.3782552083333333 0.19384765625 0.17447916666666666
0 0.054443359375 0.5286458333333333 0.10888671875 0.12760416666666666
0 0.109130859375 0.5638020833333333 0.15673828125 0.12760416666666666
0 0.171142578125 0.44010416666666663 0.07373046875 0.09765625
0 0.2783203125 0.4951171875 0.162109375 0.134765625
0 0.350830078125 0.5999348958333333 0.19384765625 0.17252604166666666
0 0.218505859375 0.7532552083333333 0.36865234375 0.38671875
0 0.05908203125 0.7633463541666666 0.1181640625 0.287109375
0 0.475830078125 0.8248697916666666 0.49462890625 0.3489583333333333
0 0.433837890625 0.3447265625 0.11083984375 0.134765625
0 0.633056640625 0.2314453125 0.10791015625 0.11393229166666666
0 0.721923828125 0.22623697916666666 0.14111328125 0.09830729166666666
0 0.86083984375 0.2991536458333333 0.09765625 0.119140625
0 0.893798828125 0.2727864583333333 0.06982421875 0.13541666666666666
0 0.96728515625 0.3196614583333333 0.064453125 0.12760416666666666
0 0.982666015625 0.4505208333333333 0.03369140625 0.10416666666666666
0 0.790771484375 0.5826822916666666 0.28662109375 0.34375
0 0.958740234375 0.6155598958333333 0.08154296875 0.24153645833333331
0 0.84228515625 0.4033203125 0.048828125 0.11653645833333333
0 0.686767578125 0.3255208333333333 0.09521484375 0.10807291666666666
0 0.752685546875 0.34440104166666663 0.08447265625 0.15625
0 0.787841796875 0.40234375 0.07080078125 0.0703125
0 0.645751953125 0.47135416666666663 0.22119140625 0.2591145833333333
0 0.560791015625 0.6103515625 0.22998046875 0.197265625
0 0.5 0.4817708333333333 0.1328125 0.10807291666666666
0 0.431884765625 0.462890625 0.12451171875 0.10807291666666666
