0 0.75390625 0.5198567708333333 0.046875 0.13997395833333331
0 0.726806640625 0.5706380208333333 0.06982421875 0.138671875
0 0.859130859375 0.806640625 0.28076171875 0.38541666666666663
0 0.650390625 0.5234375 0.0791015625 0.15755208333333331
0 0.600341796875 0.47330729166666663 0.06103515625 0.14192708333333331
0 0.545166015625 0.5166015625 0.09326171875 0.11263020833333333
0 0.55712890625 0.42936197916666663 0.06640625 0.08528645833333333
0 0.197998046875 0.3388671875 0.24267578125 0.181640625
0 0.0810546875 0.49088541666666663 0.125 0.18229166666666666
0 0.2353515625 0.4573567708333333 0.0830078125 0.14518229166666666
0 0.3173828125 0.4231770833333333 0.0810546875 0.09114583333333333
0 0.365234375 0.4524739583333333 0.0341796875 0.10807291666666666
0 0.443115234375 0.4541015625 0.11279296875 0.09700520833333333
0 0.4287109375 0.3880208333333333 0.072265625 0.10286458333333333
0 0.46728515625 0.40787760416666663 0.056640625 0.080078125
0 0.4384765625 0.7991536458333333 0.53125 0.400390625
0 0.326416015625 0.5745442708333333 0.23291015625 0.20377604166666666
0 0.1669921875 0.7024739583333333 0.3330078125 0.27604166666666663
