0 0.043212890625 0.47037760416666663 0.08447265625 0.150390625
0 0.092041015625 0.3837890625 0.01806640625 0.083984375
0 0.35205078125 0.4300130208333333 0.1455078125 0.166015625
0 0.1357421875 0.3274739583333333 0.0537109375 0.12890625
0 0.201416015625 0.30338541666666663 0.08251953125 0.09765625
0 0.1103515625 0.45572916666666663 0.044921875 0.09114583333333333
0 0.1962890625 0.396484375 0.1640625 0.16796875
0 0.1572265625 0.5367838541666666 0.0888671875 0.138671875
0 0.1826171875 0.4827473958333333 0.0703125 0.126953125
0 0.266357421875 0.5354817708333333 0.11474609375 0.177734375
