0 0.4189453125 0.4720052083333333 0.0654296875 0.09895833333333333
0 0.06640625 0.2802734375 0.1328125 0.17513020833333331
0 0.405029296875 0.3763020833333333 0.05810546875 0.09895833333333333
0 0.27392578125 0.3675130208333333 0.029296875 0.09309895833333333
0 0.072021484375 0.5159505208333333 0.11669921875 0.189453125
0 0.19921875 0.5670572916666666 0.166015625 0.15885416666666666
0 0.16552734375 0.42447916666666663 0.2080078125 0.15755208333333331
0 0.1162109375 0.3606770833333333 0.150390625 0.18880208333333331
0 0.329833984375 0.5003255208333333 0.12353515625 0.10872395833333333
0 0.3408203125 0.4251302083333333 0.0634765625 0.07421875
0 0.306640625 0.45475260416666663 0.08984375 0.09049479166666666
