0 0.1171875 0.51953125 0.0654296875 0.09765625
0 0.4072265625 0.24055989583333331 0.1259765625 0.08919270833333333
0 0.490966796875 0.3479817708333333 0.08154296875 0.09440104166666666
0 0.523193359375 0.3974609375 0.05322265625 0.056640625
0 0.48095703125 0.4208984375 0.0732421875 0.10611979166666666
0 0.42919921875 0.4280598958333333 0.078125 0.10611979166666666
0 0.36328125 0.3313802083333333 0.1416015625 0.09635416666666666
0 0.319580078125 0.2822265625 0.09716796875 0.068359375
0 0.182373046875 0.3115234375 0.09619140625 0.08919270833333333
0 0.1181640625 0.31608072916666663 0.068359375 0.099609375
0 0.283935546875 0.5152994791666666 0.12744140625 0.13346354166666666
0 0.347412109375 0.4397786458333333 0.09912109375 0.10611979166666666
0 0.197021484375 0.3968098958333333 0.10888671875 0.08919270833333333
0 0.29638671875 0.3509114583333333 0.0751953125 0.05859375
0 0.15673828125 0.4482421875 0.0888671875 0.095703125
