0 0.40234375 0.29850260416666663 0.1064453125 0.087890625
0 0.1240234375 0.29264322916666663 0.064453125 0.07877604166666666
0 0.103271484375 0.3128255208333333 0.03857421875 0.06184895833333333
0 0.0654296875 0.5517578125 0.130859375 0.14127604166666666
0 0.131103515625 0.4306640625 0.09912109375 0.123046875
0 0.15625 0.4768880208333333 0.05859375 0.083984375
0 0.21484375 0.5013020833333333 0.083984375 0.13411458333333331
0 0.21923828125 0.39225260416666663 0.0595703125 0.12174479166666666
0 0.18310546875 0.3857421875 0.064453125 0.07747395833333333
0 0.503173828125 0.4814453125 0.06396484375 0.134765625
0 0.4775390625 0.4807942708333333 0.1162109375 0.091796875
0 0.5791015625 0.4755859375 0.0947265625 0.146484375
0 0.5888671875 0.4339192708333333 0.083984375 0.10091145833333333
0 0.607421875 0.37858072916666663 0.0361328125 0.09440104166666666
0 0.43359375 0.42643229166666663 0.0849609375 0.09114583333333333
0 0.491455078125 0.4114583333333333 0.07958984375 0.07682291666666666
0 0.321044921875 0.3759765625 0.11279296875 0.095703125
0 0.299072265625 0.47623697916666663 0.07763671875 0.12565104166666666
0 0.370849609375 0.4609375 0.05419921875 0.125
