0 0.40185546875 0.2783203125 0.1005859375 0.099609375
0 0.2109375 0.27734375 0.1044921875 0.08072916666666666
0 0.12060546875 0.3889973958333333 0.0634765625 0.13606770833333331
0 0.09423828125 0.47265625 0.0244140625 0.08203125
0 0.720458984375 0.4658203125 0.05908203125 0.10481770833333333
0 0.63330078125 0.3948567708333333 0.064453125 0.11263020833333333
0 0.673583984375 0.4261067708333333 0.04248046875 0.08528645833333333
0 0.642333984375 0.48014322916666663 0.03466796875 0.080078125
0 0.5810546875 0.349609375 0.095703125 0.08072916666666666
0 0.558349609375 0.4319661458333333 0.03369140625 0.10091145833333333
0 0.57861328125 0.43912760416666663 0.037109375 0.13216145833333331
0 0.601318359375 0.4368489583333333 0.05517578125 0.08072916666666666
0 0.40380859375 0.4378255208333333 0.044921875 0.123046875
0 0.462646484375 0.41959635416666663 0.08642578125 0.12825520833333331
0 0.51318359375 0.44694010416666663 0.0693359375 0.12174479166666666
0 0.401123046875 0.3889973958333333 0.05517578125 0.080078125
0 0.27392578125 0.5068359375 0.1328125 0.138671875
0 0.31396484375 0.4475911458333333 0.0654296875 0.115234375
0 0.330078125 0.37076822916666663 0.0693359375 0.07877604166666666
0 0.22705078125 0.4280598958333333 0.11328125 0.08919270833333333
0 0.212158203125 0.3362630208333333 0.04541015625 0.083984375
0 0.15576171875 0.40006510416666663 0.0830078125 0.103515625
0 0.24755859375 0.3821614583333333 0.091796875 0.08463541666666666
