0 0.19482421875 0.15104166666666666 0.0 0.0013020833333333333
0 0.269287109375 0.23307291666666666 0.15673828125 0.16536458333333331
0 0.886962890625 0.5836588541666666 0.20166015625 0.181640625
0 0.53515625 0.7584635416666666 0.1259765625 0.3359375
0 0.676513671875 0.6982421875 0.26708984375 0.25065104166666663
0 0.481689453125 0.6634114583333333 0.11181640625 0.22135416666666666
0 0.6533203125 0.5035807291666666 0.0615234375 0.12825520833333331
0 0.694580078125 0.47428385416666663 0.06396484375 0.07356770833333333
0 0.72802734375 0.44986979166666663 0.064453125 0.09895833333333333
0 0.8232421875 0.5087890625 0.1416015625 0.10481770833333333
0 0.408447265625 0.4798177083333333 0.10009765625 0.16015625
0 0.521484375 0.525390625 0.09765625 0.13020833333333331
0 0.553466796875 0.5345052083333333 0.08740234375 0.09765625
0 0.13818359375 0.607421875 0.2548828125 0.22916666666666666
0 0.173583984375 0.4944661458333333 0.14306640625 0.08138020833333333
0 0.290771484375 0.44303385416666663 0.06005859375 0.13346354166666666
0 0.3486328125 0.43522135416666663 0.1142578125 0.09049479166666666
0 0.41064453125 0.3984375 0.0439453125 0.08203125
0 0.218994140625 0.40592447916666663 0.09521484375 0.111328125
0 0.124267578125 0.36588541666666663 0.14892578125 0.171875
0 0.036865234375 0.36588541666666663 0.07373046875 0.19140625
