0 0.4716796875 0.3831380208333333 0.1015625 0.08268229166666666
0 0.327392578125 0.6819661458333333 0.37255859375 0.3587239583333333
0 0.320068359375 0.8922526041666666 0.48486328125 0.21419270833333331
0 0.77978515625 0.8427734375 0.439453125 0.31315104166666663
0 0.34130859375 0.43619791666666663 0.0791015625 0.08984375
0 0.376953125 0.4182942708333333 0.068359375 0.06966145833333333
0 0.517822265625 0.474609375 0.13720703125 0.0703125
0 0.5185546875 0.4192708333333333 0.0771484375 0.07552083333333333
0 0.595703125 0.5748697916666666 0.0732421875 0.19140625
0 0.03955078125 0.6041666666666666 0.0791015625 0.0859375
0 0.1884765625 0.5081380208333333 0.2158203125 0.173828125
0 0.234130859375 0.41666666666666663 0.08154296875 0.08723958333333333
0 0.198974609375 0.35221354166666663 0.07470703125 0.09895833333333333
0 0.12255859375 0.3818359375 0.0771484375 0.06315104166666666
