0 0.35400390625 0.2763671875 0.1005859375 0.09440104166666666
0 0.380859375 0.314453125 0.10546875 0.0625
0 0.275146484375 0.8232421875 0.47705078125 0.35221354166666663
0 0.612548828125 0.7545572916666666 0.16943359375 0.31901041666666663
0 0.677978515625 0.837890625 0.36181640625 0.32291666666666663
0 0.1005859375 0.5999348958333333 0.201171875 0.201171875
0 0.0576171875 0.474609375 0.11328125 0.12109375
0 0.210693359375 0.4619140625 0.06298828125 0.150390625
0 0.26904296875 0.48111979166666663 0.044921875 0.13541666666666666
0 0.318359375 0.42447916666666663 0.06640625 0.08203125
0 0.42724609375 0.48307291666666663 0.056640625 0.08072916666666666
0 0.5146484375 0.5276692708333333 0.080078125 0.15559895833333331
0 0.5576171875 0.4954427083333333 0.078125 0.13932291666666666
0 0.596923828125 0.4700520833333333 0.06689453125 0.09765625
0 0.533447265625 0.4095052083333333 0.12255859375 0.10807291666666666
0 0.421630859375 0.3974609375 0.13720703125 0.12825520833333331
