0 0.048583984375 0.677734375 0.09716796875 0.25651041666666663
0 0.0673828125 0.521484375 0.1337890625 0.12369791666666666
0 0.1533203125 0.4345703125 0.134765625 0.091796875
0 0.2763671875 0.49869791666666663 0.1044921875 0.15234375
0 0.40771484375 0.48502604166666663 0.17578125 0.125
0 0.385498046875 0.4524739583333333 0.14501953125 0.08333333333333333
0 0.389892578125 0.36002604166666663 0.12060546875 0.08333333333333333
0 0.316650390625 0.33072916666666663 0.04638671875 0.06380208333333333
0 0.212890625 0.37076822916666663 0.0869140625 0.051432291666666664
0 0.185302734375 0.3343098958333333 0.07275390625 0.06966145833333333
0 0.128173828125 0.2571614583333333 0.04638671875 0.08333333333333333
0 0.107421875 0.3538411458333333 0.0615234375 0.07486979166666666
0 0.444091796875 0.4169921875 0.07470703125 0.06184895833333333
