0 0.43896484375 0.8212890625 0.7138671875 0.35611979166666663
0 0.237548828125 0.7822265625 0.47509765625 0.4173177083333333
0 0.217529296875 0.5787760416666666 0.18408203125 0.13541666666666666
0 0.1767578125 0.5589192708333333 0.138671875 0.142578125
0 0.0126953125 0.5485026041666666 0.025390625 0.087890625
0 0.162109375 0.4661458333333333 0.1611328125 0.14322916666666666
0 0.27783203125 0.47265625 0.0517578125 0.11848958333333333
0 0.72998046875 0.5029296875 0.0859375 0.150390625
0 0.587158203125 0.5416666666666666 0.18896484375 0.14973958333333331
0 0.507568359375 0.45084635416666663 0.14013671875 0.12434895833333333
0 0.603515625 0.43815104166666663 0.041015625 0.09895833333333333
0 0.539306640625 0.373046875 0.10009765625 0.07161458333333333
0 0.355712890625 0.4690755208333333 0.04345703125 0.13346354166666666
0 0.40625 0.4661458333333333 0.068359375 0.11197916666666666
0 0.427490234375 0.41764322916666663 0.10302734375 0.068359375
0 0.485595703125 0.4033203125 0.09521484375 0.072265625
0 0.343505859375 0.3577473958333333 0.05810546875 0.083984375
0 0.309814453125 0.384765625 0.05224609375 0.06510416666666666
0 0.25732421875 0.37955729166666663 0.0703125 0.08854166666666666
0 0.175048828125 0.3743489583333333 0.06591796875 0.0859375
0 0.195556640625 0.3544921875 0.05517578125 0.05013020833333333
0 0.10498046875 0.2744140625 0.03125 0.06966145833333333
0 0.12744140625 0.3147786458333333 0.0322265625 0.05794270833333333
0 0.12353515625 0.3665364583333333 0.0576171875 0.06640625
0 0.093505859375 0.43131510416666663 0.02099609375 0.08268229166666666
