0 0.416015625 0.23828125 0.0615234375 0.12239583333333333
0 0.47265625 0.33984375 0.1025390625 0.0859375
0 0.566650390625 0.3740234375 0.07080078125 0.07877604166666666
0 0.55126953125 0.4423828125 0.076171875 0.09440104166666666
0 0.626220703125 0.4921875 0.06298828125 0.11458333333333333
0 0.660888671875 0.6240234375 0.17333984375 0.15299479166666666
0 0.21728515625 0.35807291666666663 0.16015625 0.27213541666666663
0 0.250732421875 0.2688802083333333 0.06787109375 0.10416666666666666
0 0.34912109375 0.4602864583333333 0.08203125 0.17057291666666666
0 0.396240234375 0.4300130208333333 0.06787109375 0.13216145833333331
0 0.47705078125 0.453125 0.0986328125 0.09244791666666666
0 0.44970703125 0.5625 0.1708984375 0.15234375
0 0.537353515625 0.552734375 0.11181640625 0.15364583333333331
0 0.536376953125 0.751953125 0.16943359375 0.30338541666666663
0 0.2021484375 0.8343098958333333 0.3916015625 0.330078125
0 0.3310546875 0.6627604166666666 0.1669921875 0.1953125
0 0.15625 0.6393229166666666 0.220703125 0.20442708333333331
0 0.0224609375 0.560546875 0.044921875 0.13151041666666666
0 0.028564453125 0.4290364583333333 0.05712890625 0.16145833333333331
0 0.092041015625 0.3958333333333333 0.03076171875 0.11197916666666666
0 0.11279296875 0.4443359375 0.064453125 0.099609375
0 0.11328125 0.505859375 0.0302734375 0.09114583333333333
0 0.214599609375 0.4895833333333333 0.11181640625 0.10286458333333333
0 0.31640625 0.35904947916666663 0.0400390625 0.11263020833333333
0 0.367431640625 0.34635416666666663 0.06787109375 0.07421875
