0 0.32470703125 0.2639973958333333 0.1259765625 0.103515625
0 0.158447265625 0.251953125 0.12451171875 0.16015625
0 0.11669921875 0.5201822916666666 0.2236328125 0.35026041666666663
0 0.13525390625 0.857421875 0.2587890625 0.28385416666666663
0 0.283447265625 0.712890625 0.23681640625 0.33072916666666663
0 0.2001953125 0.494140625 0.0537109375 0.09244791666666666
0 0.210205078125 0.38671875 0.09228515625 0.08203125
0 0.32080078125 0.4677734375 0.0634765625 0.10091145833333333
0 0.34375 0.4065755208333333 0.08984375 0.111328125
0 0.447265625 0.3616536458333333 0.0654296875 0.09440104166666666
0 0.423828125 0.3974609375 0.0849609375 0.07747395833333333
0 0.462646484375 0.38639322916666663 0.05810546875 0.06184895833333333
0 0.435302734375 0.4677734375 0.03076171875 0.087890625
0 0.424560546875 0.5696614583333333 0.08740234375 0.1640625
0 0.536376953125 0.5979817708333333 0.14404296875 0.19075520833333331
0 0.514404296875 0.5182291666666666 0.11181640625 0.13671875
0 0.5537109375 0.4560546875 0.0859375 0.134765625
0 0.578369140625 0.42447916666666663 0.05029296875 0.0859375
0 0.59326171875 0.40885416666666663 0.087890625 0.11588541666666666
