0 0.6025390625 0.4173177083333333 0.09765625 0.08854166666666666
0 0.650634765625 0.8017578125 0.34033203125 0.39518229166666663
0 0.59375 0.5911458333333333 0.1279296875 0.18619791666666666
0 0.472900390625 0.40104166666666663 0.13720703125 0.07291666666666666
0 0.148193359375 0.30045572916666663 0.04736328125 0.095703125
0 0.295654296875 0.3017578125 0.11181640625 0.08138020833333333
0 0.148681640625 0.4404296875 0.29248046875 0.19986979166666666
0 0.315673828125 0.3889973958333333 0.10009765625 0.083984375
0 0.2119140625 0.36490885416666663 0.09375 0.056640625
0 0.3837890625 0.4534505208333333 0.091796875 0.103515625
0 0.33935546875 0.4583333333333333 0.044921875 0.07161458333333333
0 0.43798828125 0.5817057291666666 0.1748046875 0.353515625
0 0.29833984375 0.5107421875 0.0498046875 0.111328125
0 0.33837890625 0.45703125 0.0322265625 0.07161458333333333
0 0.310546875 0.6611328125 0.2001953125 0.18684895833333331
0 0.193115234375 0.6676432291666666 0.33544921875 0.263671875
0 0.091064453125 0.8033854166666666 0.18212890625 0.3919270833333333
0 0.08154296875 0.5266927083333333 0.1630859375 0.10286458333333333
