0 0.584228515625 0.44303385416666663 0.14599609375 0.13736979166666666
0 0.629638671875 0.5149739583333333 0.09912109375 0.09895833333333333
0 0.304931640625 0.3968098958333333 0.08349609375 0.095703125
0 0.375732421875 0.41276041666666663 0.10009765625 0.053385416666666664
0 0.427001953125 0.408203125 0.08349609375 0.08072916666666666
0 0.4970703125 0.40299479166666663 0.07421875 0.07421875
0 0.3623046875 0.466796875 0.0888671875 0.07942708333333333
0 0.395751953125 0.4622395833333333 0.06298828125 0.09765625
0 0.474365234375 0.5309244791666666 0.06103515625 0.11783854166666666
0 0.535400390625 0.517578125 0.04638671875 0.10546875
0 0.498046875 0.482421875 0.056640625 0.09505208333333333
0 0.465087890625 0.8108723958333333 0.19677734375 0.376953125
0 0.314453125 0.7262369791666666 0.236328125 0.31705729166666663
0 0.322021484375 0.6451822916666666 0.28466796875 0.26432291666666663
0 0.162109375 0.4309895833333333 0.0751953125 0.05859375
0 0.151611328125 0.4895833333333333 0.08837890625 0.10026041666666666
0 0.1884765625 0.5126953125 0.14453125 0.138671875
0 0.25146484375 0.4384765625 0.0849609375 0.09049479166666666
0 0.24951171875 0.4778645833333333 0.068359375 0.07682291666666666
0 0.060791015625 0.4248046875 0.12158203125 0.15559895833333331
0 0.05517578125 0.46744791666666663 0.1103515625 0.10286458333333333
0 0.12060546875 0.7581380208333333 0.2412109375 0.4212239583333333
0 0.0947265625 0.5979817708333333 0.189453125 0.21158854166666666
