0 0.274169921875 0.2451171875 0.29443359375 0.189453125
0 0.083984375 0.3056640625 0.109375 0.150390625
0 0.100830078125 0.36002604166666663 0.03564453125 0.08333333333333333
0 0.553466796875 0.4710286458333333 0.06201171875 0.111328125
0 0.52783203125 0.41796875 0.08203125 0.09114583333333333
0 0.37841796875 0.486328125 0.1591796875 0.14583333333333331
0 0.45458984375 0.4378255208333333 0.1005859375 0.11002604166666666
0 0.41650390625 0.3974609375 0.0830078125 0.06705729166666666
0 0.393310546875 0.44140625 0.09130859375 0.07552083333333333
0 0.303466796875 0.412109375 0.08154296875 0.08984375
0 0.279052734375 0.4345703125 0.09912109375 0.11653645833333333
0 0.493896484375 0.6038411458333333 0.09912109375 0.185546875
0 0.3994140625 0.6100260416666666 0.1513671875 0.15885416666666666
0 0.32275390625 0.8567708333333333 0.5234375 0.28515625
0 0.175048828125 0.455078125 0.19384765625 0.19270833333333331
0 0.11669921875 0.5647786458333333 0.2314453125 0.154296875
0 0.2001953125 0.7744140625 0.400390625 0.44986979166666663
