0 0.580322265625 0.5009765625 0.11279296875 0.177734375
0 0.046142578125 0.37890625 0.09228515625 0.17578125
0 0.15380859375 0.3427734375 0.087890625 0.08138020833333333
0 0.1416015625 0.39811197916666663 0.0908203125 0.07877604166666666
0 0.12255859375 0.44596354166666663 0.1015625 0.08072916666666666
0 0.15576171875 0.48697916666666663 0.1328125 0.15625
0 0.335205078125 0.5416666666666666 0.24951171875 0.2890625
0 0.480712890625 0.4886067708333333 0.03662109375 0.11783854166666666
0 0.267333984375 0.42578125 0.08056640625 0.0859375
0 0.498779296875 0.43619791666666663 0.07861328125 0.09244791666666666
0 0.419677734375 0.45182291666666663 0.08251953125 0.10286458333333333
0 0.5556640625 0.8531901041666666 0.8583984375 0.2923177083333333
0 0.30908203125 0.8515625 0.51171875 0.29557291666666663
0 0.086669921875 0.80859375 0.17333984375 0.38151041666666663
0 0.050048828125 0.63671875 0.10009765625 0.19921875
0 0.293212890625 0.6861979166666666 0.27587890625 0.1640625
