0 0.736328125 0.5869140625 0.0888671875 0.19205729166666666
0 0.7216796875 0.5003255208333333 0.048828125 0.169921875
0 0.763427734375 0.47819010416666663 0.03173828125 0.09830729166666666
0 0.671875 0.46061197916666663 0.0732421875 0.14388020833333331
0 0.58056640625 0.5107421875 0.072265625 0.14518229166666666
0 0.575439453125 0.45279947916666663 0.08251953125 0.12174479166666666
0 0.509033203125 0.44108072916666663 0.08349609375 0.08268229166666666
0 0.46728515625 0.46158854166666663 0.0771484375 0.15104166666666666
0 0.399169921875 0.4319661458333333 0.06201171875 0.12825520833333331
0 0.38818359375 0.43619791666666663 0.068359375 0.07552083333333333
0 0.5546875 0.7350260416666666 0.1748046875 0.36197916666666663
0 0.439697265625 0.5934244791666666 0.09423828125 0.20247395833333331
0 0.31982421875 0.509765625 0.052734375 0.15104166666666666
0 0.2314453125 0.4560546875 0.1298828125 0.09049479166666666
0 0.14990234375 0.44140625 0.0341796875 0.10286458333333333
0 0.080810546875 0.4749348958333333 0.05517578125 0.12565104166666666
0 0.10498046875 0.4671223958333333 0.0458984375 0.09309895833333333
0 0.282958984375 0.8717447916666666 0.56591796875 0.2552083333333333
0 0.270751953125 0.7685546875 0.50634765625 0.2845052083333333
0 0.161865234375 0.69140625 0.32373046875 0.3216145833333333
