0 0.67138671875 0.7021484375 0.099609375 0.31315104166666663
0 0.654296875 0.4973958333333333 0.0576171875 0.13020833333333331
0 0.59130859375 0.5309244791666666 0.060546875 0.14908854166666666
0 0.555908203125 0.4720052083333333 0.09033203125 0.109375
0 0.5439453125 0.39713541666666663 0.109375 0.08203125
0 0.368408203125 0.35546875 0.07958984375 0.14453125
0 0.242919921875 0.44205729166666663 0.08642578125 0.1015625
0 0.146240234375 0.48600260416666663 0.05419921875 0.130859375
0 0.1357421875 0.4466145833333333 0.0771484375 0.1171875
0 0.13525390625 0.43229166666666663 0.0986328125 0.08723958333333333
0 0.084716796875 0.6692708333333333 0.16943359375 0.21614583333333331
0 0.226318359375 0.5758463541666666 0.12451171875 0.119140625
0 0.351806640625 0.41276041666666663 0.12548828125 0.05989583333333333
0 0.34765625 0.4817708333333333 0.13671875 0.08333333333333333
0 0.15771484375 0.8001302083333333 0.3154296875 0.3984375
0 0.372802734375 0.6901041666666666 0.23779296875 0.4505208333333333
0 0.3125 0.6015625 0.2099609375 0.296875
