0 0.81494140625 0.5335286458333333 0.1611328125 0.16080729166666666
0 0.912109375 0.8538411458333333 0.1748046875 0.291015625
0 0.7294921875 0.5227864583333333 0.0361328125 0.1484375
0 0.631591796875 0.5494791666666666 0.16162109375 0.140625
0 0.675537109375 0.5013020833333333 0.04150390625 0.11588541666666666
0 0.561279296875 0.8528645833333333 0.53466796875 0.29296875
0 0.218017578125 0.8264973958333333 0.41162109375 0.345703125
0 0.333984375 0.5533854166666666 0.154296875 0.15625
0 0.206298828125 0.6201171875 0.33935546875 0.20377604166666666
0 0.1279296875 0.5966796875 0.212890625 0.20768229166666666
0 0.4853515625 0.49869791666666663 0.0361328125 0.11458333333333333
0 0.564208984375 0.48014322916666663 0.08642578125 0.12174479166666666
0 0.458984375 0.4388020833333333 0.052734375 0.12890625
0 0.401123046875 0.4251302083333333 0.05810546875 0.14583333333333331
0 0.336181640625 0.43619791666666663 0.06982421875 0.11588541666666666
0 0.31103515625 0.4505208333333333 0.0888671875 0.1015625
0 0.272216796875 0.46256510416666663 0.07177734375 0.10091145833333333
0 0.194091796875 0.42057291666666663 0.05029296875 0.10286458333333333
0 0.226318359375 0.482421875 0.06298828125 0.109375
0 0.126220703125 0.45572916666666663 0.04541015625 0.04817708333333333
0 0.143310546875 0.4016927083333333 0.08740234375 0.10677083333333333
0 0.183837890625 0.4671223958333333 0.03466796875 0.055338541666666664
0 0.10009765625 0.42578125 0.0361328125 0.09635416666666666
