0 0.92041015625 0.8170572916666666 0.158203125 0.3645833333333333
0 0.657470703125 0.5797526041666666 0.13623046875 0.16471354166666666
0 0.646484375 0.8147786458333333 0.3193359375 0.35221354166666663
0 0.42236328125 0.5250651041666666 0.3388671875 0.326171875
0 0.60546875 0.5374348958333333 0.076171875 0.13346354166666666
0 0.291748046875 0.78125 0.39208984375 0.43619791666666663
0 0.173095703125 0.755859375 0.34130859375 0.3216145833333333
0 0.20654296875 0.49967447916666663 0.0390625 0.16471354166666666
0 0.04638671875 0.5266927083333333 0.083984375 0.140625
0 0.171875 0.6015625 0.12890625 0.13802083333333331
0 0.144775390625 0.3997395833333333 0.08154296875 0.11458333333333333
0 0.116455078125 0.44986979166666663 0.07470703125 0.109375
0 0.223876953125 0.41959635416666663 0.08154296875 0.06705729166666666
0 0.385498046875 0.3557942708333333 0.08837890625 0.08919270833333333
0 0.447509765625 0.3880208333333333 0.06005859375 0.0546875
0 0.231689453125 0.3587239583333333 0.08056640625 0.07161458333333333
0 0.189453125 0.3505859375 0.052734375 0.03841145833333333
0 0.320068359375 0.3896484375 0.07568359375 0.07486979166666666
