0 0.614990234375 0.5192057291666666 0.13330078125 0.14908854166666666
0 0.46044921875 0.3583984375 0.0888671875 0.09830729166666666
0 0.115966796875 0.2737630208333333 0.12939453125 0.13346354166666666
0 0.100830078125 0.38053385416666663 0.03076171875 0.060546875
0 0.194580078125 0.41471354166666663 0.10791015625 0.12760416666666666
0 0.294921875 0.3772786458333333 0.0947265625 0.080078125
0 0.377685546875 0.4319661458333333 0.07080078125 0.07747395833333333
0 0.401611328125 0.4651692708333333 0.05419921875 0.09309895833333333
0 0.495361328125 0.5296223958333333 0.08251953125 0.12434895833333333
0 0.502197265625 0.45768229166666663 0.02587890625 0.10807291666666666
0 0.292724609375 0.4453125 0.10205078125 0.08072916666666666
0 0.107666015625 0.4944661458333333 0.21533203125 0.18424479166666666
0 0.473876953125 0.8486328125 0.69873046875 0.30143229166666663
0 0.490966796875 0.7190755208333333 0.32470703125 0.291015625
0 0.283203125 0.7705078125 0.333984375 0.3352864583333333
0 0.1923828125 0.7513020833333333 0.384765625 0.3802083333333333
0 0.22705078125 0.5804036458333333 0.4169921875 0.236328125
