0 0.514892578125 0.5384114583333333 0.53955078125 0.5807291666666666
0 0.15625 0.8795572916666666 0.310546875 0.23958333333333331
0 0.19921875 0.6220703125 0.1708984375 0.244140625
0 0.336181640625 0.7041015625 0.29052734375 0.19986979166666666
0 0.040771484375 0.6018880208333333 0.08154296875 0.14908854166666666
0 0.083740234375 0.5299479166666666 0.16064453125 0.13541666666666666
0 0.171630859375 0.48307291666666663 0.15966796875 0.11197916666666666
0 0.165283203125 0.42350260416666663 0.05615234375 0.06966145833333333
0 0.21435546875 0.40690104166666663 0.10546875 0.078125
0 0.4228515625 0.32779947916666663 0.0830078125 0.083984375
0 0.6708984375 0.8759765625 0.515625 0.24674479166666666
0 0.720947265625 0.728515625 0.27392578125 0.26953125
