0 0.510009765625 0.419921875 0.05126953125 0.10807291666666666
0 0.48583984375 0.3489583333333333 0.037109375 0.061197916666666664
0 0.449462890625 0.27408854166666663 0.08251953125 0.053385416666666664
0 0.465576171875 0.29947916666666663 0.05908203125 0.05078125
0 0.357666015625 0.31901041666666663 0.06787109375 0.08072916666666666
0 0.20458984375 0.2552083333333333 0.091796875 0.06380208333333333
0 0.27294921875 0.27506510416666663 0.0693359375 0.076171875
0 0.140380859375 0.396484375 0.07373046875 0.05859375
0 0.307861328125 0.3994140625 0.09521484375 0.080078125
0 0.250244140625 0.33984375 0.11279296875 0.07552083333333333
