0 0.653564453125 0.37369791666666663 0.04345703125 0.14192708333333331
0 0.976318359375 0.57421875 0.04638671875 0.11848958333333333
0 0.976318359375 0.7255859375 0.04638671875 0.17122395833333331
0 0.76904296875 0.5159505208333333 0.1103515625 0.24544270833333331
0 0.71240234375 0.595703125 0.1015625 0.23307291666666666
0 0.685791015625 0.580078125 0.07958984375 0.0625
0 0.52490234375 0.32486979166666663 0.2001953125 0.18098958333333331
0 0.522216796875 0.49609375 0.11572265625 0.15494791666666666
0 0.416259765625 0.4951171875 0.14501953125 0.169921875
0 0.269775390625 0.6044921875 0.17333984375 0.166015625
0 0.13134765625 0.5387369791666666 0.240234375 0.22981770833333331
0 0.05615234375 0.55078125 0.1123046875 0.16145833333333331
