0 0.183837890625 0.46875 0.08837890625 0.07161458333333333
0 0.38818359375 0.5611979166666666 0.111328125 0.13671875
0 0.495849609375 0.5563151041666666 0.10400390625 0.10481770833333333
0 0.64892578125 0.2737630208333333 0.044921875 0.123046875
0 0.73193359375 0.5205078125 0.1650390625 0.22591145833333331
0 0.864990234375 0.5458984375 0.18603515625 0.20247395833333331
0 0.92919921875 0.30631510416666663 0.0986328125 0.21419270833333331
0 0.773681640625 0.2903645833333333 0.06494140625 0.2265625
0 0.706298828125 0.21614583333333331 0.11865234375 0.14583333333333331
0 0.70458984375 0.35546875 0.0732421875 0.16145833333333331
0 0.729736328125 0.31119791666666663 0.04248046875 0.08984375
