0 0.43359375 0.28287760416666663 0.1875 0.10872395833333333
0 0.37353515625 0.3974609375 0.1845703125 0.142578125
0 0.35693359375 0.55859375 0.0615234375 0.1328125
0 0.475830078125 0.5569661458333333 0.14013671875 0.12174479166666666
0 0.50341796875 0.5139973958333333 0.08203125 0.060546875
0 0.6162109375 0.5234375 0.087890625 0.09244791666666666
0 0.58056640625 0.515625 0.0390625 0.09244791666666666
0 0.68310546875 0.3430989583333333 0.0712890625 0.14583333333333331
0 0.730712890625 0.51953125 0.15087890625 0.16276041666666666
0 0.653076171875 0.6604817708333333 0.18896484375 0.19596354166666666
