0 0.524658203125 0.33756510416666663 0.20458984375 0.193359375
0 0.6494140625 0.36197916666666663 0.060546875 0.16276041666666666
0 0.763427734375 0.5169270833333333 0.11474609375 0.25
0 0.70947265625 0.6025390625 0.1201171875 0.22591145833333331
0 0.9775390625 0.578125 0.0439453125 0.11328125
0 0.9775390625 0.73046875 0.0439453125 0.15755208333333331
0 0.514892578125 0.474609375 0.12646484375 0.12890625
0 0.411865234375 0.4876302083333333 0.14111328125 0.16536458333333331
0 0.27001953125 0.6067708333333333 0.181640625 0.16927083333333331
0 0.1298828125 0.5406901041666666 0.2275390625 0.20638020833333331
0 0.040283203125 0.544921875 0.08056640625 0.15234375
