0 0.185791015625 0.4700520833333333 0.08935546875 0.07552083333333333
0 0.388671875 0.560546875 0.1025390625 0.14583333333333331
0 0.490966796875 0.5550130208333333 0.10400390625 0.11783854166666666
0 0.641357421875 0.2698567708333333 0.04541015625 0.119140625
0 0.69970703125 0.22526041666666666 0.1103515625 0.15364583333333331
0 0.77392578125 0.2766927083333333 0.052734375 0.21614583333333331
0 0.9306640625 0.30436197916666663 0.0888671875 0.19466145833333331
0 0.861083984375 0.5511067708333333 0.19189453125 0.19466145833333331
0 0.725830078125 0.5270182291666666 0.16064453125 0.212890625
0 0.705078125 0.3583984375 0.0693359375 0.16341145833333331
