0 0.37158203125 0.4065755208333333 0.1787109375 0.166015625
0 0.436767578125 0.2900390625 0.18896484375 0.12825520833333331
0 0.362548828125 0.5569661458333333 0.07763671875 0.12825520833333331
0 0.471923828125 0.5559895833333333 0.13232421875 0.11328125
0 0.50244140625 0.5146484375 0.0908203125 0.06184895833333333
0 0.6552734375 0.6725260416666666 0.1865234375 0.20182291666666666
0 0.61572265625 0.5218098958333333 0.078125 0.08138020833333333
0 0.57958984375 0.5185546875 0.0478515625 0.091796875
0 0.683837890625 0.34928385416666663 0.07373046875 0.166015625
0 0.730712890625 0.5240885416666666 0.14599609375 0.16927083333333331
